id,ground_truth
0,226
1,108
2,246
3,8
4,232
5,89
6,160
7,195
8,232
9,251
10,218
11,223
12,41
13,284
14,212
15,145
16,156
17,193
18,49
19,56
20,191
21,270
22,196
23,20
24,70
25,174
26,71
27,66
28,253
29,15
30,112
31,34
32,194
33,221
34,150
35,24
36,244
37,284
38,42
39,183
40,56
41,235
42,70
43,153
44,142
45,132
46,9
47,92
48,252
49,235
50,26
51,87
52,91
53,226
54,65
55,221
56,235
57,100
58,88
59,82
60,106
61,118
62,150
63,26
64,91
65,40
66,85
67,247
68,32
69,101
70,127
71,69
72,109
73,195
74,166
75,32
76,2
77,120
78,160
79,86
80,77
81,42
82,24
83,267
84,121
85,150
86,279
87,184
88,254
89,141
90,218
91,17
92,244
93,194
94,129
95,255
96,271
97,6
98,94
99,30
100,146
101,65
102,202
103,137
104,213
105,33
106,106
107,14
108,64
109,144
110,191
111,122
112,280
113,225
114,66
115,252
116,83
117,93
118,241
119,206
120,218
121,45
122,9
123,55
124,222
125,53
126,229
127,140
128,51
129,258
130,276
131,6
132,182
133,78
134,182
135,6
136,190
137,39
138,3
139,63
140,224
141,170
142,6
143,30
144,95
145,111
146,41
147,105
148,0
149,196
150,244
151,9
152,109
153,258
154,224
155,0
156,61
157,265
158,18
159,179
160,72
161,96
162,279
163,75
164,77
165,237
166,80
167,27
168,163
169,163
170,57
171,192
172,76
173,77
174,135
175,41
176,33
177,285
178,115
179,284
180,64
181,210
182,197
183,106
184,242
185,210
186,47
187,186
188,61
189,150
190,25
191,168
192,191
193,174
194,58
195,75
196,178
197,141
198,40
199,65
200,220
201,188
202,175
203,101
204,34
205,14
206,218
207,37
208,99
209,74
210,170
211,188
212,153
213,41
214,243
215,126
216,87
217,92
218,222
219,263
220,274
221,35
222,199
223,101
224,103
225,175
226,26
227,1
228,29
229,232
230,55
231,61
232,283
233,61
234,263
235,66
236,16
237,31
238,188
239,54
240,25
241,11
242,55
243,53
244,94
245,239
246,164
247,43
248,56
249,261
250,196
251,75
252,192
253,70
254,10
255,164
256,103
257,0
258,0
259,41
260,196
261,69
262,7
263,114
264,224
265,113
266,9
267,105
268,122
269,97
270,213
271,213
272,143
273,61
274,6
275,23
276,57
277,246
278,136
279,82
280,30
281,63
282,52
283,267
284,164
285,26
286,40
287,67
288,100
289,135
290,85
291,59
292,18
293,137
294,6
295,57
296,10
297,171
298,249
299,239
300,107
301,148
302,26
303,159
304,41
305,122
306,262
307,164
308,170
309,39
310,8
311,256
312,110
313,155
314,25
315,249
316,137
317,108
318,3
319,200
320,67
321,240
322,220
323,206
324,224
325,269
326,193
327,128
328,160
329,36
330,226
331,34
332,20
333,4
334,185
335,166
336,6
337,24
338,149
339,142
340,79
341,52
342,145
343,251
344,269
345,69
346,267
347,196
348,142
349,274
350,169
351,176
352,234
353,11
354,206
355,147
356,252
357,185
358,85
359,219
360,19
361,230
362,23
363,64
364,181
365,54
366,236
367,207
368,181
369,39
370,17
371,270
372,144
373,176
374,13
375,184
376,105
377,232
378,83
379,220
380,44
381,269
382,221
383,206
384,206
385,5
386,33
387,207
388,155
389,40
390,63
391,114
392,79
393,12
394,143
395,61
396,89
397,262
398,15
399,147
400,58
401,43
402,165
403,187
404,34
405,227
406,8
407,49
408,49
409,23
410,186
411,6
412,43
413,59
414,49
415,205
416,206
417,265
418,170
419,139
420,198
421,99
422,25
423,143
424,60
425,125
426,100
427,116
428,131
429,57
430,193
431,149
432,89
433,122
434,3
435,32
436,189
437,115
438,13
439,29
440,197
441,273
442,258
443,103
444,75
445,32
446,40
447,128
448,43
449,92
450,165
451,12
452,19
453,256
454,52
455,214
456,3
457,199
458,24
459,159
460,38
461,75
462,161
463,60
464,27
465,274
466,83
467,245
468,192
469,61
470,211
471,31
472,105
473,257
474,33
475,151
476,140
477,215
478,66
479,117
480,40
481,39
482,224
483,93
484,45
485,278
486,169
487,6
488,100
489,213
490,105
491,158
492,8
493,99
494,145
495,61
496,18
497,43
498,104
499,108
500,281
501,56
502,73
503,229
504,198
505,2
506,94
507,71
508,190
509,79
510,146
511,14
512,216
513,35
514,98
515,56
516,43
517,92
518,110
519,237
520,4
521,266
522,36
523,113
524,100
525,181
526,38
527,47
528,46
529,237
530,166
531,77
532,231
533,122
534,61
535,83
536,4
537,149
538,27
539,62
540,188
541,130
542,176
543,78
544,154
545,118
546,238
547,4
548,272
549,73
550,12
551,62
552,136
553,31
554,94
555,256
556,74
557,201
558,278
559,18
560,252
561,68
562,126
563,238
564,91
565,15
566,96
567,181
568,117
569,253
570,84
571,171
572,253
573,33
574,13
575,269
576,254
577,108
578,179
579,84
580,38
581,65
582,30
583,20
584,115
585,69
586,48
587,78
588,274
589,88
590,266
591,9
592,240
593,158
594,113
595,148
596,188
597,152
598,269
599,64
600,158
601,258
602,9
603,28
604,232
605,41
606,224
607,16
608,183
609,31
610,44
611,3
612,197
613,58
614,2
615,14
616,144
617,128
618,11
619,93
620,7
621,196
622,199
623,62
624,187
625,23
626,187
627,76
628,1
629,176
630,196
631,222
632,150
633,80
634,33
635,26
636,235
637,243
638,82
639,39
640,10
641,43
642,207
643,84
644,237
645,63
646,22
647,68
648,79
649,37
650,119
651,40
652,223
653,97
654,119
655,4
656,230
657,200
658,201
659,83
660,132
661,136
662,165
663,112
664,22
665,48
666,119
667,281
668,174
669,176
670,210
671,237
672,228
673,134
674,243
675,219
676,141
677,227
678,23
679,120
680,241
681,91
682,107
683,38
684,137
685,194
686,63
687,98
688,119
689,23
690,181
691,42
692,45
693,101
694,4
695,11
696,29
697,143
698,34
699,185
700,37
701,15
702,125
703,123
704,152
705,22
706,35
707,8
708,31
709,148
710,150
711,55
712,190
713,21
714,8
715,69
716,171
717,32
718,1
719,46
720,159
721,189
722,232
723,147
724,86
725,47
726,218
727,37
728,140
729,83
730,242
731,282
732,58
733,7
734,145
735,84
736,6
737,43
738,74
739,57
740,6
741,60
742,8
743,52
744,100
745,42
746,172
747,237
748,37
749,248
750,54
751,203
752,42
753,48
754,15
755,245
756,95
757,93
758,235
759,117
760,41
761,129
762,130
763,145
764,135
765,9
766,204
767,60
768,29
769,157
770,15
771,11
772,103
773,257
774,55
775,57
776,175
777,60
778,105
779,220
780,44
781,103
782,179
783,5
784,275
785,285
786,12
787,34
788,89
789,53
790,278
791,17
792,273
793,66
794,76
795,142
796,5
797,241
798,89
799,201
800,21
801,100
802,36
803,3
804,137
805,1
806,24
807,84
808,213
809,73
810,16
811,27
812,107
813,197
814,75
815,9
816,201
817,22
818,109
819,189
820,107
821,21
822,46
823,25
824,161
825,13
826,150
827,93
828,171
829,119
830,129
831,103
832,24
833,199
834,19
835,79
836,71
837,138
838,201
839,85
840,123
841,50
842,234
843,31
844,156
845,240
846,85
847,96
848,175
849,89
850,192
851,243
852,26
853,78
854,5
855,109
856,125
857,36
858,143
859,281
860,244
861,243
862,157
863,16
864,98
865,211
866,201
867,167
868,3
869,222
870,154
871,196
872,144
873,54
874,252
875,98
876,70
877,12
878,41
879,140
880,247
881,220
882,102
883,183
884,7
885,8
886,0
887,65
888,38
889,201
890,20
891,97
892,187
893,177
894,26
895,228
896,250
897,271
898,69
899,29
900,55
901,98
902,127
903,281
904,40
905,0
906,275
907,59
908,72
909,147
910,81
911,137
912,89
913,159
914,230
915,166
916,244
917,59
918,20
919,142
920,98
921,205
922,230
923,52
924,187
925,1
926,54
927,271
928,213
929,100
930,120
931,152
932,176
933,69
934,268
935,137
936,5
937,125
938,92
939,21
940,40
941,15
942,205
943,120
944,10
945,121
946,37
947,27
948,0
949,28
950,146
951,40
952,100
953,122
954,50
955,177
956,9
957,140
958,16
959,63
960,39
961,65
962,31
963,45
964,252
965,261
966,54
967,96
968,260
969,199
970,49
971,251
972,38
973,266
974,12
975,44
976,158
977,55
978,9
979,10
980,223
981,46
982,188
983,101
984,28
985,211
986,111
987,238
988,15
989,115
990,8
991,2
992,53
993,128
994,32
995,22
996,149
997,53
998,127
999,89
1000,59
1001,173
1002,51
1003,37
1004,197
1005,13
1006,29
1007,146
1008,47
1009,28
1010,97
1011,141
1012,69
1013,67
1014,157
1015,53
1016,79
1017,8
1018,51
1019,16
1020,21
1021,110
1022,155
1023,29
1024,21
1025,120
1026,83
1027,54
1028,108
1029,277
1030,87
1031,70
1032,133
1033,68
1034,76
1035,157
1036,184
1037,66
1038,132
1039,237
1040,29
1041,109
1042,80
1043,154
1044,29
1045,149
1046,64
1047,110
1048,154
1049,94
1050,116
1051,8
1052,107
1053,92
1054,113
1055,101
1056,85
1057,55
1058,85
1059,281
1060,80
1061,123
1062,162
1063,267
1064,172
1065,74
1066,272
1067,156
1068,126
1069,0
1070,138
1071,143
1072,219
1073,67
1074,78
1075,113
1076,62
1077,154
1078,25
1079,236
1080,112
1081,201
1082,57
1083,284
1084,47
1085,71
1086,104
1087,151
1088,122
1089,117
1090,143
1091,135
1092,236
1093,249
1094,215
1095,38
1096,235
1097,48
1098,223
1099,197
1100,120
1101,114
1102,204
1103,209
1104,94
1105,146
1106,222
1107,104
1108,230
1109,190
1110,48
1111,118
1112,267
1113,55
1114,146
1115,108
1116,211
1117,7
1118,24
1119,44
1120,202
1121,0
1122,267
1123,73
1124,110
1125,165
1126,76
1127,101
1128,88
1129,145
1130,115
1131,80
1132,65
1133,244
1134,278
1135,160
1136,30
1137,81
1138,231
1139,187
1140,177
1141,16
1142,97
1143,27
1144,80
1145,69
1146,263
1147,80
1148,232
1149,234
1150,105
1151,117
1152,7
1153,95
1154,127
1155,250
1156,133
1157,1
1158,6
1159,249
1160,29
1161,83
1162,165
1163,132
1164,234
1165,3
1166,86
1167,143
1168,184
1169,15
1170,85
1171,127
1172,106
1173,157
1174,26
1175,143
1176,190
1177,134
1178,29
1179,1
1180,32
1181,234
1182,126
1183,65
1184,16
1185,132
1186,11
1187,107
1188,268
1189,10
1190,6
1191,1
1192,281
1193,40
1194,17
1195,15
1196,148
1197,119
1198,93
1199,34
1200,8
1201,112
1202,264
1203,178
1204,83
1205,0
1206,140
1207,191
1208,6
1209,236
1210,119
1211,35
1212,272
1213,247
1214,11
1215,107
1216,254
1217,81
1218,281
1219,29
1220,255
1221,115
1222,117
1223,94
1224,104
1225,124
1226,178
1227,64
1228,49
1229,35
1230,6
1231,52
1232,128
1233,130
1234,175
1235,162
1236,88
1237,54
1238,129
1239,83
1240,255
1241,72
1242,41
1243,248
1244,9
1245,46
1246,266
1247,176
1248,186
1249,19
1250,229
1251,11
1252,28
1253,83
1254,50
1255,47
1256,214
1257,48
1258,187
1259,73
1260,39
1261,74
1262,81
1263,3
1264,4
1265,17
1266,42
1267,13
1268,86
1269,28
1270,58
1271,39
1272,145
1273,14
1274,78
1275,64
1276,11
1277,259
1278,188
1279,143
1280,143
1281,66
1282,7
1283,77
1284,254
1285,144
1286,131
1287,12
1288,179
1289,111
1290,118
1291,133
1292,59
1293,163
1294,268
1295,67
1296,190
1297,127
1298,71
1299,117
1300,71
1301,267
1302,241
1303,130
1304,240
1305,89
1306,8
1307,8
1308,100
1309,201
1310,24
1311,11
1312,22
1313,13
1314,58
1315,185
1316,238
1317,16
1318,112
1319,268
1320,24
1321,151
1322,71
1323,234
1324,77
1325,27
1326,261
1327,88
1328,16
1329,223
1330,13
1331,125
1332,228
1333,98
1334,129
1335,267
1336,23
1337,28
1338,228
1339,141
1340,6
1341,3
1342,215
1343,104
1344,159
1345,63
1346,9
1347,134
1348,56
1349,158
1350,53
1351,56
1352,15
1353,9
1354,117
1355,15
1356,168
1357,166
1358,227
1359,25
1360,275
1361,282
1362,96
1363,27
1364,272
1365,168
1366,264
1367,212
1368,281
1369,87
1370,40
1371,2
1372,217
1373,0
1374,7
1375,2
1376,117
1377,56
1378,266
1379,58
1380,109
1381,32
1382,171
1383,11
1384,75
1385,144
1386,81
1387,221
1388,173
1389,7
1390,206
1391,39
1392,18
1393,219
1394,82
1395,113
1396,27
1397,84
1398,9
1399,190
1400,46
1401,198
1402,251
1403,38
1404,24
1405,80
1406,34
1407,219
1408,261
1409,163
1410,64
1411,7
1412,262
1413,0
1414,208
1415,16
1416,108
1417,63
1418,133
1419,17
1420,84
1421,47
1422,87
1423,43
1424,112
1425,275
1426,248
1427,25
1428,51
1429,184
1430,15
1431,271
1432,132
1433,18
1434,49
1435,186
1436,201
1437,53
1438,80
1439,21
1440,149
1441,201
1442,275
1443,259
1444,26
1445,4
1446,7
1447,31
1448,192
1449,94
1450,0
1451,108
1452,47
1453,205
1454,107
1455,37
1456,38
1457,42
1458,34
1459,22
1460,95
1461,146
1462,136
1463,33
1464,34
1465,16
1466,91
1467,10
1468,60
1469,3
1470,239
1471,40
1472,125
1473,195
1474,36
1475,156
1476,123
1477,149
1478,114
1479,188
1480,50
1481,31
1482,5
1483,58
1484,168
1485,228
1486,224
1487,115
1488,0
1489,11
1490,104
1491,179
1492,43
1493,37
1494,14
1495,136
1496,50
1497,84
1498,67
1499,34
1500,224
1501,245
1502,8
1503,256
1504,6
1505,13
1506,228
1507,19
1508,16
1509,59
1510,6
1511,77
1512,93
1513,99
1514,177
1515,8
1516,27
1517,65
1518,100
1519,4
1520,44
1521,68
1522,269
1523,152
1524,73
1525,78
1526,14
1527,110
1528,100
1529,92
1530,32
1531,247
1532,248
1533,102
1534,149
1535,53
1536,262
1537,4
1538,90
1539,262
1540,65
1541,142
1542,139
1543,67
1544,45
1545,63
1546,46
1547,83
1548,250
1549,200
1550,186
1551,270
1552,166
1553,90
1554,102
1555,179
1556,3
1557,108
1558,3
1559,155
1560,109
1561,135
1562,105
1563,135
1564,85
1565,215
1566,167
1567,132
1568,225
1569,39
1570,110
1571,66
1572,140
1573,228
1574,238
1575,78
1576,213
1577,5
1578,27
1579,4
1580,247
1581,20
1582,73
1583,85
1584,193
1585,103
1586,210
1587,171
1588,152
1589,98
1590,14
1591,161
1592,222
1593,221
1594,10
1595,126
1596,14
1597,0
1598,4
1599,112
1600,8
1601,260
1602,122
1603,74
1604,226
1605,1
1606,62
1607,146
1608,189
1609,97
1610,28
1611,150
1612,114
1613,138
1614,111
1615,193
1616,214
1617,60
1618,71
1619,13
1620,160
1621,168
1622,53
1623,14
1624,45
1625,227
1626,245
1627,242
1628,177
1629,1
1630,88
1631,194
1632,0
1633,169
1634,94
1635,107
1636,79
1637,93
1638,125
1639,155
1640,96
1641,27
1642,171
1643,175
1644,155
1645,231
1646,134
1647,4
1648,211
1649,65
1650,33
1651,9
1652,58
1653,142
1654,17
1655,170
1656,140
1657,84
1658,172
1659,92
1660,34
1661,55
1662,209
1663,225
1664,89
1665,202
1666,248
1667,221
1668,214
1669,46
1670,242
1671,12
1672,163
1673,214
1674,112
1675,29
1676,207
1677,232
1678,89
1679,168
1680,7
1681,204
1682,166
1683,59
1684,239
1685,157
1686,27
1687,241
1688,165
1689,43
1690,192
1691,202
1692,260
1693,283
1694,155
1695,68
1696,30
1697,27
1698,267
1699,143
1700,102
1701,4
1702,66
1703,95
1704,253
1705,32
1706,210
1707,241
1708,79
1709,242
1710,157
1711,25
1712,30
1713,108
1714,0
1715,80
1716,142
1717,66
1718,51
1719,33
1720,32
1721,57
1722,16
1723,35
1724,43
1725,185
1726,128
1727,161
1728,26
1729,41
1730,13
1731,23
1732,37
1733,43
1734,33
1735,0
1736,65
1737,9
1738,16
1739,9
1740,30
1741,2
1742,17
1743,39
1744,8
1745,192
1746,18
1747,5
1748,14
1749,208
1750,49
1751,171
1752,141
1753,46
1754,166
1755,79
1756,153
1757,280
1758,209
1759,39
1760,210
1761,17
1762,169
1763,55
1764,22
1765,263
1766,13
1767,94
1768,34
1769,283
1770,57
1771,49
1772,79
1773,22
1774,155
1775,117
1776,150
1777,207
1778,29
1779,68
1780,74
1781,1
1782,11
1783,82
1784,16
1785,23
1786,12
1787,72
1788,18
1789,25
1790,7
1791,28
1792,145
1793,22
1794,90
1795,19
1796,14
1797,62
1798,223
1799,110
1800,99
1801,23
1802,131
1803,28
1804,160
1805,181
1806,2
1807,98
1808,77
1809,156
1810,203
1811,113
1812,16
1813,39
1814,45
1815,67
1816,172
1817,0
1818,112
1819,282
1820,6
1821,269
1822,67
1823,186
1824,55
1825,53
1826,166
1827,24
1828,238
1829,163
1830,105
1831,52
1832,14
1833,187
1834,9
1835,259
1836,122
1837,187
1838,67
1839,234
1840,16
1841,197
1842,1
1843,140
1844,123
1845,178
1846,210
1847,114
1848,234
1849,70
1850,16
1851,44
1852,47
1853,33
1854,87
1855,262
1856,71
1857,6
1858,153
1859,275
1860,23
1861,0
1862,140
1863,121
1864,40
1865,215
1866,9
1867,193
1868,5
1869,10
1870,121
1871,2
1872,35
1873,175
1874,4
1875,26
1876,16
1877,50
1878,233
1879,110
1880,125
1881,265
1882,2
1883,99
1884,206
1885,55
1886,144
1887,32
1888,196
1889,55
1890,38
1891,5
1892,25
1893,226
1894,112
1895,237
1896,30
1897,98
1898,17
1899,62
1900,31
1901,8
1902,53
1903,16
1904,11
1905,14
1906,58
1907,121
1908,215
1909,25
1910,204
1911,94
1912,27
1913,219
1914,183
1915,258
1916,189
1917,210
1918,63
1919,34
1920,90
1921,51
1922,74
1923,263
1924,189
1925,81
1926,34
1927,93
1928,249
1929,104
1930,39
1931,259
1932,115
1933,40
1934,259
1935,237
1936,6
1937,182
1938,173
1939,15
1940,165
1941,3
1942,139
1943,26
1944,94
1945,27
1946,37
1947,23
1948,21
1949,75
1950,81
1951,166
1952,204
1953,172
1954,0
1955,40
1956,174
1957,27
1958,233
1959,238
1960,34
1961,133
1962,2
1963,123
1964,157
1965,93
1966,129
1967,241
1968,284
1969,191
1970,108
1971,259
1972,125
1973,27
1974,138
1975,178
1976,37
1977,137
1978,121
1979,15
1980,28
1981,255
1982,160
1983,48
1984,138
1985,26
1986,35
1987,10
1988,28
1989,220
1990,113
1991,162
1992,146
1993,120
1994,17
1995,224
1996,44
1997,15
1998,215
1999,148
2000,123
2001,14
2002,69
2003,5
2004,52
2005,162
2006,34
2007,5
2008,25
2009,28
2010,261
2011,152
2012,31
2013,26
2014,129
2015,6
2016,62
2017,147
2018,91
2019,37
2020,29
2021,157
2022,69
2023,245
2024,58
2025,20
2026,249
2027,74
2028,274
2029,50
2030,93
2031,67
2032,41
2033,43
2034,13
2035,16
2036,214
2037,266
2038,13
2039,11
2040,20
2041,108
2042,108
2043,49
2044,44
2045,158
2046,102
2047,72
2048,60
2049,235
2050,146
2051,56
2052,98
2053,23
2054,272
2055,53
2056,3
2057,27
2058,238
2059,248
2060,253
2061,63
2062,10
2063,211
2064,80
2065,46
2066,61
2067,37
2068,55
2069,96
2070,147
2071,76
2072,128
2073,179
2074,102
2075,283
2076,67
2077,2
2078,262
2079,112
2080,56
2081,88
2082,143
2083,116
2084,64
2085,53
2086,162
2087,121
2088,246
2089,235
2090,69
2091,52
2092,43
2093,181
2094,164
2095,47
2096,145
2097,59
2098,54
2099,4
2100,45
2101,161
2102,100
2103,121
2104,168
2105,99
2106,4
2107,14
2108,281
2109,165
2110,91
2111,43
2112,215
2113,88
2114,147
2115,7
2116,35
2117,110
2118,255
2119,190
2120,38
2121,68
2122,72
2123,255
2124,72
2125,192
2126,229
2127,209
2128,43
2129,126
2130,138
2131,21
2132,193
2133,271
2134,26
2135,242
2136,9
2137,84
2138,246
2139,284
2140,104
2141,270
2142,155
2143,189
2144,201
2145,49
2146,13
2147,136
2148,252
2149,34
2150,234
2151,202
2152,219
2153,207
2154,278
2155,225
2156,206
2157,126
2158,31
2159,105
2160,157
2161,249
2162,197
2163,65
2164,103
2165,281
2166,263
2167,16
2168,167
2169,258
2170,147
2171,151
2172,125
2173,33
2174,27
2175,203
2176,119
2177,154
2178,145
2179,127
2180,100
2181,24
2182,43
2183,7
2184,68
2185,75
2186,283
2187,270
2188,273
2189,118
2190,143
2191,74
2192,163
2193,11
2194,81
2195,181
2196,244
2197,51
2198,5
2199,201
2200,65
2201,205
2202,11
2203,95
2204,107
2205,96
2206,122
2207,152
2208,159
2209,113
2210,61
2211,81
2212,94
2213,5
2214,23
2215,12
2216,54
2217,30
2218,54
2219,238
2220,164
2221,50
2222,49
2223,37
2224,254
2225,197
2226,2
2227,234
2228,131
2229,0
2230,178
2231,72
2232,96
2233,8
2234,199
2235,75
2236,19
2237,9
2238,52
2239,242
2240,3
2241,246
2242,180
2243,61
2244,170
2245,41
2246,19
2247,81
2248,160
2249,195
2250,17
2251,5
2252,282
2253,96
2254,23
2255,163
2256,40
2257,49
2258,31
2259,1
2260,97
2261,69
2262,48
2263,56
2264,30
2265,104
2266,75
2267,42
2268,198
2269,84
2270,57
2271,8
2272,161
2273,282
2274,51
2275,80
2276,257
2277,196
2278,149
2279,196
2280,7
2281,155
2282,188
2283,99
2284,79
2285,22
2286,42
2287,168
2288,33
2289,52
2290,204
2291,113
2292,97
2293,61
2294,11
2295,9
2296,256
2297,100
2298,65
2299,222
2300,266
2301,78
2302,154
2303,37
2304,44
2305,143
2306,162
2307,22
2308,93
2309,164
2310,9
2311,5
2312,263
2313,6
2314,44
2315,15
2316,87
2317,10
2318,218
2319,280
2320,45
2321,113
2322,99
2323,87
2324,95
2325,159
2326,7
2327,22
2328,227
2329,3
2330,71
2331,26
2332,75
2333,233
2334,25
2335,12
2336,4
2337,7
2338,47
2339,124
2340,0
2341,178
2342,73
2343,2
2344,66
2345,275
2346,21
2347,3
2348,280
2349,260
2350,145
2351,129
2352,18
2353,57
2354,51
2355,253
2356,91
2357,37
2358,33
2359,150
2360,56
2361,218
2362,0
2363,120
2364,13
2365,205
2366,229
2367,25
2368,14
2369,25
2370,49
2371,22
2372,31
2373,193
2374,6
2375,111
2376,22
2377,187
2378,28
2379,118
2380,15
2381,197
2382,18
2383,7
2384,232
2385,50
2386,211
2387,48
2388,11
2389,137
2390,188
2391,46
2392,146
2393,18
2394,156
2395,2
2396,50
2397,106
2398,260
2399,183
2400,232
2401,153
2402,132
2403,49
2404,200
2405,209
2406,77
2407,89
2408,14
2409,31
2410,119
2411,48
2412,140
2413,71
2414,118
2415,16
2416,10
2417,89
2418,227
2419,46
2420,187
2421,44
2422,107
2423,90
2424,1
2425,2
2426,174
2427,93
2428,47
2429,180
2430,167
2431,63
2432,211
2433,12
2434,258
2435,4
2436,104
2437,169
2438,280
2439,12
2440,63
2441,1
2442,213
2443,170
2444,144
2445,119
2446,46
2447,178
2448,7
2449,34
2450,208
2451,105
2452,23
2453,247
2454,99
2455,192
2456,268
2457,119
2458,213
2459,21
2460,8
2461,207
2462,160
2463,24
2464,2
2465,19
2466,37
2467,22
2468,81
2469,5
2470,1
2471,10
2472,135
2473,148
2474,256
2475,1
2476,125
2477,119
2478,81
2479,31
2480,133
2481,32
2482,60
2483,94
2484,54
2485,285
2486,43
2487,23
2488,17
2489,114
2490,21
2491,14
2492,33
2493,189
2494,115
2495,5
2496,182
2497,216
2498,13
2499,194
2500,19
2501,253
2502,51
2503,179
2504,200
2505,12
2506,204
2507,224
2508,40
2509,66
2510,63
2511,52
2512,175
2513,74
2514,7
2515,2
2516,88
2517,41
2518,13
2519,28
2520,17
2521,243
2522,44
2523,3
2524,10
2525,160
2526,67
2527,33
2528,34
2529,211
2530,110
2531,56
2532,162
2533,31
2534,45
2535,27
2536,28
2537,222
2538,5
2539,51
2540,37
2541,249
2542,39
2543,100
2544,238
2545,224
2546,71
2547,161
2548,110
2549,236
2550,40
2551,13
2552,145
2553,11
2554,144
2555,105
2556,46
2557,173
2558,138
2559,73
2560,145
2561,29
2562,279
2563,85
2564,183
2565,272
2566,239
2567,71
2568,73
2569,71
2570,165
2571,101
2572,139
2573,186
2574,92
2575,21
2576,20
2577,111
2578,283
2579,263
2580,76
2581,63
2582,275
2583,239
2584,30
2585,76
2586,18
2587,99
2588,204
2589,118
2590,154
2591,64
2592,129
2593,125
2594,153
2595,203
2596,213
2597,111
2598,134
2599,1
2600,132
2601,133
2602,53
2603,122
2604,10
2605,200
2606,85
2607,133
2608,4
2609,23
2610,139
2611,71
2612,129
2613,76
2614,39
2615,121
2616,178
2617,152
2618,54
2619,9
2620,69
2621,56
2622,186
2623,206
2624,120
2625,283
2626,14
2627,0
2628,215
2629,87
2630,135
2631,264
2632,124
2633,53
2634,171
2635,160
2636,160
2637,26
2638,103
2639,248
2640,21
2641,26
2642,214
2643,31
2644,217
2645,90
2646,7
2647,175
2648,121
2649,64
2650,125
2651,42
2652,266
2653,183
2654,81
2655,16
2656,82
2657,130
2658,211
2659,17
2660,229
2661,214
2662,98
2663,78
2664,205
2665,7
2666,14
2667,192
2668,170
2669,119
2670,227
2671,206
2672,65
2673,5
2674,110
2675,172
2676,84
2677,147
2678,46
2679,274
2680,276
2681,3
2682,124
2683,161
2684,38
2685,19
2686,128
2687,207
2688,101
2689,195
2690,1
2691,151
2692,63
2693,236
2694,209
2695,276
2696,262
2697,225
2698,2
2699,9
2700,0
2701,130
2702,127
2703,17
2704,261
2705,164
2706,137
2707,187
2708,208
2709,12
2710,98
2711,62
2712,113
2713,211
2714,162
2715,29
2716,119
2717,194
2718,141
2719,280
2720,26
2721,173
2722,281
2723,256
2724,103
2725,125
2726,124
2727,74
2728,95
2729,42
2730,29
2731,10
2732,16
2733,118
2734,35
2735,81
2736,181
2737,91
2738,181
2739,92
2740,86
2741,259
2742,82
2743,31
2744,64
2745,42
2746,38
2747,138
2748,50
2749,0
2750,204
2751,77
2752,40
2753,151
2754,60
2755,5
2756,150
2757,47
2758,27
2759,54
2760,6
2761,112
2762,42
2763,178
2764,201
2765,19
2766,39
2767,2
2768,65
2769,185
2770,94
2771,22
2772,42
2773,45
2774,60
2775,30
2776,16
2777,70
2778,128
2779,2
2780,161
2781,8
2782,44
2783,2
2784,206
2785,62
2786,135
2787,28
2788,189
2789,0
2790,70
2791,151
2792,13
2793,23
2794,209
2795,29
2796,75
2797,23
2798,160
2799,131
2800,22
2801,85
2802,16
2803,13
2804,79
2805,14
2806,62
2807,104
2808,32
2809,109
2810,274
2811,28
2812,76
2813,44
2814,238
2815,69
2816,51
2817,111
2818,102
2819,95
2820,53
2821,14
2822,53
2823,245
2824,19
2825,97
2826,50
2827,92
2828,108
2829,145
2830,111
2831,61
2832,2
2833,60
2834,7
2835,26
2836,262
2837,58
2838,62
2839,110
2840,132
2841,69
2842,58
2843,19
2844,101
2845,89
2846,116
2847,8
2848,285
2849,93
2850,3
2851,9
2852,25
2853,250
2854,117
2855,230
2856,11
2857,43
2858,248
2859,13
2860,11
2861,247
2862,2
2863,7
2864,224
2865,196
2866,87
2867,109
2868,12
2869,76
2870,276
2871,99
2872,148
2873,99
2874,104
2875,4
2876,212
2877,68
2878,150
2879,128
2880,52
2881,192
2882,185
2883,38
2884,0
2885,30
2886,1
2887,50
2888,114
2889,15
2890,136
2891,115
2892,23
2893,59
2894,209
2895,22
2896,3
2897,154
2898,245
2899,19
2900,227
2901,3
2902,270
2903,162
2904,6
2905,8
2906,87
2907,11
2908,72
2909,244
2910,147
2911,127
2912,13
2913,263
2914,171
2915,46
2916,55
2917,173
2918,167
2919,153
2920,80
2921,80
2922,95
2923,271
2924,261
2925,5
2926,202
2927,112
2928,21
2929,82
2930,159
2931,24
2932,173
2933,283
2934,0
2935,180
2936,245
2937,111
2938,225
2939,73
2940,179
2941,173
2942,145
2943,188
2944,208
2945,242
2946,222
2947,62
2948,1
2949,81
2950,190
2951,1
2952,183
2953,179
2954,119
2955,274
2956,22
2957,143
2958,87
2959,111
2960,63
2961,1
2962,68
2963,240
2964,16
2965,1
2966,162
2967,8
2968,232
2969,12
2970,158
2971,45
2972,9
2973,72
2974,23
2975,41
2976,121
2977,137
2978,40
2979,107
2980,19
2981,13
2982,163
2983,276
2984,1
2985,36
2986,121
2987,22
2988,118
2989,94
2990,40
2991,94
2992,42
2993,25
2994,171
2995,131
2996,153
2997,15
2998,11
2999,29
3000,96
3001,93
3002,42
3003,152
3004,95
3005,62
3006,234
3007,240
3008,74
3009,33
3010,72
3011,178
3012,57
3013,154
3014,1
3015,33
3016,99
3017,20
3018,5
3019,198
3020,21
3021,15
3022,45
3023,50
3024,107
3025,32
3026,190
3027,39
3028,36
3029,280
3030,103
3031,226
3032,66
3033,55
3034,135
3035,263
3036,79
3037,128
3038,130
3039,53
3040,205
3041,76
3042,65
3043,41
3044,280
3045,178
3046,220
3047,78
3048,39
3049,46
3050,58
3051,280
3052,72
3053,0
3054,167
3055,58
3056,13
3057,36
3058,24
3059,127
3060,58
3061,17
3062,101
3063,15
3064,44
3065,13
3066,66
3067,164
3068,174
3069,220
3070,66
3071,16
3072,52
3073,141
3074,264
3075,36
3076,68
3077,104
3078,56
3079,21
3080,79
3081,97
3082,126
3083,33
3084,88
3085,115
3086,267
3087,13
3088,132
3089,129
3090,213
3091,276
3092,59
3093,104
3094,280
3095,228
3096,108
3097,63
3098,20
3099,266
3100,89
3101,79
3102,109
3103,233
3104,105
3105,45
3106,215
3107,20
3108,218
3109,212
3110,71
3111,9
3112,87
3113,145
3114,0
3115,262
3116,182
3117,85
3118,265
3119,67
3120,136
3121,138
3122,280
3123,0
3124,68
3125,180
3126,77
3127,189
3128,130
3129,234
3130,33
3131,124
3132,91
3133,164
3134,284
3135,167
3136,166
3137,123
3138,193
3139,61
3140,110
3141,188
3142,125
3143,96
3144,85
3145,106
3146,252
3147,136
3148,195
3149,141
3150,93
3151,149
3152,159
3153,195
3154,274
3155,227
3156,26
3157,37
3158,112
3159,234
3160,10
3161,106
3162,272
3163,154
3164,266
3165,37
3166,134
3167,270
3168,28
3169,219
3170,14
3171,3
3172,22
3173,58
3174,175
3175,3
3176,211
3177,95
3178,65
3179,24
3180,17
3181,64
3182,236
3183,234
3184,254
3185,90
3186,187
3187,226
3188,81
3189,50
3190,2
3191,263
3192,19
3193,185
3194,158
3195,170
3196,278
3197,27
3198,80
3199,46
3200,105
3201,259
3202,48
3203,21
3204,38
3205,17
3206,280
3207,114
3208,31
3209,12
3210,268
3211,197
3212,87
3213,242
3214,59
3215,118
3216,0
3217,26
3218,161
3219,223
3220,66
3221,24
3222,277
3223,259
3224,150
3225,85
3226,19
3227,114
3228,122
3229,130
3230,15
3231,236
3232,19
3233,106
3234,48
3235,69
3236,136
3237,29
3238,25
3239,217
3240,27
3241,138
3242,14
3243,247
3244,264
3245,18
3246,160
3247,118
3248,233
3249,7
3250,148
3251,231
3252,123
3253,37
3254,37
3255,242
3256,23
3257,35
3258,146
3259,116
3260,238
3261,90
3262,112
3263,193
3264,65
3265,22
3266,195
3267,22
3268,89
3269,33
3270,11
3271,98
3272,222
3273,162
3274,33
3275,242
3276,22
3277,35
3278,260
3279,2
3280,138
3281,67
3282,31
3283,148
3284,8
3285,47
3286,282
3287,8
3288,170
3289,37
3290,11
3291,166
3292,184
3293,243
3294,2
3295,157
3296,61
3297,167
3298,60
3299,37
3300,6
3301,39
3302,168
3303,257
3304,120
3305,13
3306,29
3307,40
3308,90
3309,78
3310,174
3311,279
3312,50
3313,31
3314,46
3315,18
3316,171
3317,125
3318,68
3319,48
3320,51
3321,208
3322,259
3323,12
3324,103
3325,80
3326,259
3327,36
3328,93
3329,165
3330,85
3331,91
3332,194
3333,44
3334,171
3335,2
3336,112
3337,60
3338,76
3339,221
3340,2
3341,0
3342,3
3343,16
3344,27
3345,98
3346,277
3347,36
3348,88
3349,23
3350,10
3351,69
3352,47
3353,213
3354,41
3355,3
3356,100
3357,174
3358,20
3359,25
3360,4
3361,88
3362,17
3363,82
3364,172
3365,106
3366,95
3367,104
3368,111
3369,135
3370,71
3371,155
3372,15
3373,85
3374,106
3375,177
3376,250
3377,120
3378,204
3379,8
3380,126
3381,19
3382,6
3383,125
3384,246
3385,2
3386,109
3387,22
3388,105
3389,44
3390,10
3391,121
3392,18
3393,96
3394,30
3395,234
3396,6
3397,72
3398,28
3399,131
3400,78
3401,20
3402,22
3403,73
3404,274
3405,131
3406,24
3407,90
3408,60
3409,92
3410,214
3411,70
3412,91
3413,53
3414,5
3415,204
3416,164
3417,1
3418,5
3419,30
3420,175
3421,268
3422,104
3423,135
3424,25
3425,2
3426,30
3427,269
3428,61
3429,22
3430,34
3431,170
3432,25
3433,131
3434,82
3435,97
3436,31
3437,44
3438,122
3439,166
3440,214
3441,28
3442,20
3443,44
3444,204
3445,3
3446,221
3447,276
3448,235
3449,20
3450,255
3451,98
3452,80
3453,8
3454,55
3455,115
3456,9
3457,11
3458,119
3459,88
3460,11
3461,202
3462,12
3463,219
3464,192
3465,81
3466,79
3467,7
3468,12
3469,63
3470,205
3471,51
3472,9
3473,154
3474,159
3475,18
3476,77
3477,3
3478,265
3479,96
3480,24
3481,149
3482,28
3483,89
3484,194
3485,206
3486,64
3487,175
3488,59
3489,92
3490,4
3491,202
3492,282
3493,179
3494,27
3495,185
3496,77
3497,244
3498,258
3499,5
3500,34
3501,13
3502,13
3503,28
3504,91
3505,40
3506,15
3507,92
3508,162
3509,57
3510,24
3511,10
3512,2
3513,5
3514,109
3515,42
3516,10
3517,152
3518,43
3519,32
3520,32
3521,119
3522,6
3523,22
3524,28
3525,49
3526,123
3527,283
3528,248
3529,20
3530,170
3531,154
3532,160
3533,227
3534,20
3535,8
3536,161
3537,262
3538,2
3539,215
3540,223
3541,109
3542,54
3543,23
3544,48
3545,38
3546,32
3547,283
3548,228
3549,56
3550,18
3551,96
3552,21
3553,214
3554,80
3555,82
3556,62
3557,74
3558,70
3559,74
3560,57
3561,56
3562,63
3563,147
3564,155
3565,254
3566,146
3567,100
3568,73
3569,68
3570,22
3571,25
3572,173
3573,187
3574,28
3575,25
3576,215
3577,12
3578,12
3579,57
3580,277
3581,65
3582,83
3583,0
3584,270
3585,144
3586,57
3587,219
3588,110
3589,70
3590,108
3591,272
3592,63
3593,114
3594,225
3595,225
3596,36
3597,80
3598,202
3599,268
3600,131
3601,83
3602,239
3603,143
3604,170
3605,37
3606,64
3607,144
3608,248
3609,265
3610,228
3611,50
3612,132
3613,217
3614,182
3615,258
3616,244
3617,123
3618,266
3619,47
3620,80
3621,26
3622,36
3623,258
3624,241
3625,56
3626,97
3627,95
3628,181
3629,42
3630,224
3631,110
3632,6
3633,109
3634,146
3635,126
3636,91
3637,285
3638,101
3639,103
3640,122
3641,129
3642,210
3643,134
3644,148
3645,179
3646,229
3647,106
3648,128
3649,178
3650,101
3651,274
3652,265
3653,185
3654,72
3655,1
3656,174
3657,31
3658,226
3659,35
3660,67
3661,106
3662,116
3663,30
3664,282
3665,112
3666,141
3667,116
3668,31
3669,234
3670,53
3671,137
3672,186
3673,80
3674,73
3675,280
3676,193
3677,6
3678,55
3679,202
3680,27
3681,173
3682,9
3683,31
3684,158
3685,84
3686,227
3687,3
3688,119
3689,208
3690,62
3691,44
3692,18
3693,180
3694,39
3695,239
3696,275
3697,32
3698,56
3699,229
3700,12
3701,284
3702,0
3703,48
3704,180
3705,54
3706,141
3707,6
3708,98
3709,130
3710,19
3711,84
3712,212
3713,169
3714,24
3715,142
3716,46
3717,187
3718,146
3719,216
3720,1
3721,24
3722,141
3723,253
3724,39
3725,74
3726,1
3727,88
3728,15
3729,16
3730,239
3731,12
3732,13
3733,22
3734,225
3735,58
3736,247
3737,6
3738,145
3739,239
3740,198
3741,176
3742,40
3743,196
3744,42
3745,65
3746,55
3747,156
3748,1
3749,210
3750,7
3751,35
3752,120
3753,251
3754,14
3755,200
3756,87
3757,91
3758,17
3759,222
3760,106
3761,94
3762,122
3763,162
3764,195
3765,35
3766,31
3767,6
3768,139
3769,104
3770,9
3771,49
3772,29
3773,45
3774,273
3775,47
3776,285
3777,27
3778,164
3779,170
3780,275
3781,57
3782,5
3783,252
3784,198
3785,3
3786,271
3787,243
3788,49
3789,259
3790,257
3791,51
3792,109
3793,61
3794,1
3795,94
3796,57
3797,68
3798,268
3799,230
3800,188
3801,45
3802,206
3803,53
3804,132
3805,33
3806,199
3807,130
3808,8
3809,254
3810,30
3811,257
3812,12
3813,60
3814,169
3815,54
3816,38
3817,265
3818,72
3819,182
3820,69
3821,76
3822,261
3823,56
3824,85
3825,127
3826,99
3827,257
3828,37
3829,239
3830,17
3831,45
3832,15
3833,199
3834,147
3835,279
3836,108
3837,218
3838,179
3839,13
3840,194
3841,25
3842,16
3843,14
3844,169
3845,131
3846,248
3847,219
3848,109
3849,98
3850,270
3851,7
3852,32
3853,45
3854,159
3855,285
3856,86
3857,117
3858,227
3859,117
3860,126
3861,14
3862,259
3863,78
3864,181
3865,37
3866,53
3867,167
3868,13
3869,20
3870,56
3871,121
3872,56
3873,12
3874,24
3875,22
3876,143
3877,94
3878,1
3879,26
3880,70
3881,8
3882,13
3883,111
3884,111
3885,65
3886,131
3887,14
3888,26
3889,28
3890,7
3891,112
3892,134
3893,218
3894,8
3895,256
3896,24
3897,41
3898,105
3899,30
3900,157
3901,265
3902,205
3903,0
3904,173
3905,16
3906,217
3907,76
3908,56
3909,76
3910,228
3911,139
3912,3
3913,48
3914,206
3915,100
3916,223
3917,76
3918,129
3919,124
3920,190
3921,28
3922,32
3923,28
3924,1
3925,30
3926,19
3927,140
3928,22
3929,82
3930,21
3931,22
3932,242
3933,88
3934,215
3935,141
3936,21
3937,24
3938,9
3939,208
3940,6
3941,95
3942,148
3943,267
3944,22
3945,89
3946,6
3947,44
3948,130
3949,21
3950,11
3951,161
3952,6
3953,137
3954,17
3955,28
3956,36
3957,86
3958,32
3959,261
3960,211
3961,16
3962,239
3963,189
3964,254
3965,2
3966,254
3967,84
3968,272
3969,11
3970,153
3971,207
3972,37
3973,58
3974,13
3975,127
3976,19
3977,167
3978,233
3979,11
3980,139
3981,106
3982,119
3983,213
3984,5
3985,96
3986,99
3987,27
3988,18
3989,281
3990,7
3991,62
3992,277
3993,264
3994,34
3995,277
3996,270
3997,3
3998,203
3999,47
4000,29
4001,205
4002,128
4003,109
4004,194
4005,133
4006,164
4007,25
4008,60
4009,7
4010,204
4011,222
4012,105
4013,132
4014,19
4015,32
4016,13
4017,12
4018,20
4019,168
4020,24
4021,255
4022,30
4023,9
4024,169
4025,161
4026,28
4027,17
4028,45
4029,158
4030,96
4031,231
4032,52
4033,246
4034,169
4035,0
4036,214
4037,40
4038,265
4039,51
4040,274
4041,147
4042,187
4043,63
4044,227
4045,123
4046,264
4047,210
4048,60
4049,69
4050,9
4051,129
4052,169
4053,122
4054,121
4055,52
4056,209
4057,74
4058,42
4059,148
4060,181
4061,11
4062,225
4063,166
4064,250
4065,2
4066,19
4067,46
4068,43
4069,59
4070,113
4071,255
4072,0
4073,39
4074,229
4075,32
4076,5
4077,64
4078,8
4079,51
4080,25
4081,254
4082,90
4083,24
4084,41
4085,22
4086,74
4087,162
4088,149
4089,39
4090,30
4091,61
4092,271
4093,73
4094,29
4095,89
4096,76
4097,98
4098,132
4099,279
4100,276
4101,101
4102,62
4103,11
4104,120
4105,60
4106,49
4107,88
4108,79
4109,45
4110,165
4111,118
4112,126
4113,209
4114,24
4115,78
4116,74
4117,26
4118,36
4119,140
4120,226
4121,11
4122,215
4123,160
4124,134
4125,121
4126,237
4127,26
4128,61
4129,8
4130,24
4131,110
4132,241
4133,79
4134,96
4135,29
4136,126
4137,92
4138,126
4139,62
4140,216
4141,182
4142,172
4143,276
4144,59
4145,138
4146,133
4147,168
4148,123
4149,183
4150,172
4151,150
4152,42
4153,231
4154,233
4155,158
4156,121
4157,150
4158,282
4159,35
4160,236
4161,217
4162,180
4163,14
4164,76
4165,263
4166,88
4167,269
4168,95
4169,158
4170,138
4171,185
4172,33
4173,3
4174,67
4175,121
4176,168
4177,205
4178,209
4179,109
4180,147
4181,139
4182,9
4183,208
4184,260
4185,58
4186,82
4187,27
4188,156
4189,3
4190,171
4191,124
4192,59
4193,38
4194,219
4195,149
4196,65
4197,181
4198,65
4199,153
4200,140
4201,34
4202,248
4203,283
4204,83
4205,7
4206,212
4207,122
4208,44
4209,215
4210,72
4211,203
4212,63
4213,265
4214,81
4215,131
4216,152
4217,89
4218,10
4219,179
4220,38
4221,39
4222,12
4223,246
4224,237
4225,211
4226,81
4227,113
4228,17
4229,15
4230,18
4231,79
4232,87
4233,246
4234,237
4235,173
4236,11
4237,183
4238,18
4239,276
4240,24
4241,115
4242,77
4243,116
4244,41
4245,124
4246,66
4247,3
4248,66
4249,10
4250,59
4251,29
4252,144
4253,133
4254,29
4255,32
4256,2
4257,141
4258,22
4259,12
4260,98
4261,25
4262,25
4263,1
4264,113
4265,19
4266,35
4267,27
4268,142
4269,133
4270,10
4271,16
4272,224
4273,36
4274,148
4275,120
4276,151
4277,148
4278,23
4279,42
4280,98
4281,143
4282,241
4283,8
4284,92
4285,35
4286,41
4287,4
4288,49
4289,19
4290,218
4291,190
4292,43
4293,54
4294,163
4295,19
4296,230
4297,68
4298,29
4299,36
4300,128
4301,174
4302,56
4303,217
4304,128
4305,22
4306,0
4307,102
4308,220
4309,168
4310,2
4311,131
4312,205
4313,217
4314,271
4315,72
4316,33
4317,47
4318,5
4319,130
4320,31
4321,59
4322,9
4323,261
4324,74
4325,16
4326,47
4327,60
4328,247
4329,261
4330,267
4331,199
4332,199
4333,47
4334,99
4335,16
4336,1
4337,66
4338,30
4339,208
4340,52
4341,95
4342,127
4343,1
4344,5
4345,97
4346,15
4347,93
4348,239
4349,100
4350,165
4351,73
4352,258
4353,84
4354,202
4355,176
4356,103
4357,189
4358,139
4359,8
4360,124
4361,2
4362,246
4363,11
4364,16
4365,163
4366,181
4367,69
4368,11
4369,183
4370,15
4371,37
4372,18
4373,13
4374,51
4375,117
4376,164
4377,134
4378,19
4379,22
4380,1
4381,84
4382,25
4383,13
4384,4
4385,134
4386,241
4387,133
4388,75
4389,52
4390,27
4391,17
4392,28
4393,156
4394,0
4395,97
4396,76
4397,29
4398,25
4399,4
4400,199
4401,225
4402,5
4403,124
4404,7
4405,51
4406,21
4407,70
4408,179
4409,77
4410,104
4411,240
4412,135
4413,20
4414,155
4415,96
4416,272
4417,260
4418,17
4419,24
4420,22
4421,195
4422,116
4423,283
4424,106
4425,147
4426,0
4427,24
4428,18
4429,284
4430,1
4431,261
4432,215
4433,77
4434,15
4435,204
4436,13
4437,57
4438,281
4439,20
4440,21
4441,144
4442,202
4443,229
4444,240
4445,14
4446,152
4447,155
4448,82
4449,214
4450,200
4451,34
4452,130
4453,170
4454,65
4455,120
4456,249
4457,251
4458,203
4459,9
4460,8
4461,35
4462,14
4463,72
4464,129
4465,134
4466,83
4467,36
4468,146
4469,53
4470,263
4471,0
4472,47
4473,90
4474,82
4475,4
4476,58
4477,36
4478,240
4479,236
4480,238
4481,175
4482,17
4483,131
4484,169
4485,254
4486,81
4487,273
4488,185
4489,5
4490,6
4491,85
4492,106
4493,230
4494,230
4495,25
4496,1
4497,25
4498,17
4499,83
4500,241
4501,230
4502,278
4503,251
4504,21
4505,95
4506,19
4507,116
4508,258
4509,64
4510,21
4511,30
4512,80
4513,107
4514,133
4515,134
4516,34
4517,17
4518,274
4519,105
4520,268
4521,12
4522,83
4523,27
4524,139
4525,4
4526,6
4527,9
4528,124
4529,115
4530,23
4531,132
4532,80
4533,35
4534,17
4535,60
4536,51
4537,22
4538,149
4539,68
4540,35
4541,23
4542,236
4543,3
4544,210
4545,186
4546,28
4547,22
4548,31
4549,175
4550,29
4551,37
4552,3
4553,30
4554,51
4555,4
4556,59
4557,169
4558,51
4559,2
4560,19
4561,36
4562,277
4563,227
4564,52
4565,190
4566,19
4567,29
4568,68
4569,234
4570,37
4571,208
4572,100
4573,160
4574,50
4575,260
4576,26
4577,82
4578,21
4579,94
4580,54
4581,84
4582,261
4583,188
4584,29
4585,76
4586,176
4587,76
4588,59
4589,45
4590,285
4591,229
4592,108
4593,190
4594,49
4595,6
4596,70
4597,206
4598,187
4599,68
4600,265
4601,3
4602,47
4603,102
4604,55
4605,60
4606,0
4607,86
4608,153
4609,207
4610,261
4611,232
4612,197
4613,48
4614,206
4615,206
4616,86
4617,70
4618,225
4619,230
4620,225
4621,181
4622,243
4623,48
4624,189
4625,30
4626,3
4627,267
4628,68
4629,208
4630,96
4631,254
4632,202
4633,40
4634,40
4635,67
4636,105
4637,185
4638,186
4639,216
4640,4
4641,243
4642,96
4643,220
4644,145
4645,212
4646,54
4647,256
4648,256
4649,141
4650,263
4651,186
4652,253
4653,162
4654,210
4655,48
4656,222
4657,184
4658,191
4659,273
4660,57
4661,197
4662,237
4663,161
4664,102
4665,113
4666,13
4667,149
4668,178
4669,223
4670,36
4671,194
4672,236
4673,26
4674,246
4675,68
4676,236
4677,111
4678,135
4679,3
4680,197
4681,194
4682,35
4683,88
4684,136
4685,133
4686,271
4687,18
4688,94
4689,9
4690,57
4691,284
4692,70
4693,35
4694,125
4695,282
4696,104
4697,81
4698,20
4699,229
4700,53
4701,115
4702,243
4703,166
4704,16
4705,173
4706,31
4707,254
4708,149
4709,223
4710,101
4711,3
4712,147
4713,219
4714,272
4715,187
4716,276
4717,146
4718,247
4719,153
4720,282
4721,116
4722,30
4723,33
4724,19
4725,117
4726,204
4727,44
4728,54
4729,105
4730,101
4731,175
4732,164
4733,63
4734,124
4735,127
4736,32
4737,238
4738,79
4739,51
4740,30
4741,202
4742,17
4743,264
4744,239
4745,14
4746,150
4747,203
4748,74
4749,10
4750,130
4751,207
4752,1
4753,115
4754,15
4755,244
4756,53
4757,32
4758,107
4759,213
4760,228
4761,102
4762,112
4763,194
4764,26
4765,5
4766,130
4767,203
4768,5
4769,12
4770,52
4771,285
4772,133
4773,90
4774,178
4775,144
4776,194
4777,33
4778,162
4779,109
4780,11
4781,35
4782,9
4783,42
4784,34
4785,100
4786,42
4787,12
4788,25
4789,85
4790,12
4791,137
4792,82
4793,221
4794,38
4795,102
4796,30
4797,35
4798,47
4799,234
4800,15
4801,152
4802,1
4803,45
4804,23
4805,17
4806,23
4807,42
4808,142
4809,112
4810,7
4811,5
4812,156
4813,284
4814,56
4815,39
4816,11
4817,57
4818,219
4819,4
4820,10
4821,68
4822,250
4823,41
4824,128
4825,144
4826,44
4827,37
4828,153
4829,36
4830,79
4831,3
4832,84
4833,41
4834,272
4835,210
4836,168
4837,123
4838,29
4839,14
4840,99
4841,184
4842,26
4843,181
4844,37
4845,73
4846,41
4847,46
4848,198
4849,34
4850,35
4851,67
4852,45
4853,72
4854,17
4855,16
4856,58
4857,153
4858,29
4859,230
4860,48
4861,195
4862,77
4863,236
4864,6
4865,99
4866,61
4867,206
4868,11
4869,7
4870,144
4871,16
4872,14
4873,32
4874,87
4875,207
4876,10
4877,2
4878,19
4879,81
4880,9
4881,233
4882,2
4883,23
4884,132
4885,84
4886,91
4887,238
4888,25
4889,1
4890,56
4891,46
4892,235
4893,13
4894,133
4895,153
4896,70
4897,103
4898,278
4899,221
4900,28
4901,212
4902,1
4903,182
4904,73
4905,231
4906,225
4907,26
4908,163
4909,27
4910,118
4911,68
4912,231
4913,134
4914,106
4915,173
4916,60
4917,88
4918,82
4919,193
4920,1
4921,101
4922,16
4923,101
4924,21
4925,27
4926,8
4927,86
4928,110
4929,85
4930,33
4931,62
4932,193
4933,69
4934,219
4935,2
4936,117
4937,147
4938,5
4939,214
4940,10
4941,31
4942,44
4943,125
4944,246
4945,15
4946,191
4947,18
4948,54
4949,160
4950,114
4951,258
4952,139
4953,4
4954,183
4955,149
4956,135
4957,260
4958,58
4959,229
4960,5
4961,162
4962,2
4963,249
4964,181
4965,216
4966,3
4967,223
4968,41
4969,192
4970,22
4971,220
4972,144
4973,58
4974,63
4975,44
4976,181
4977,62
4978,41
4979,32
4980,12
4981,39
4982,19
4983,0
4984,246
4985,77
4986,190
4987,54
4988,145
4989,116
4990,99
4991,79
4992,122
4993,10
4994,269
4995,169
4996,11
4997,15
4998,68
4999,59
5000,4
5001,17
5002,281
5003,10
5004,194
5005,12
5006,72
5007,105
5008,15
5009,157
5010,10
5011,121
5012,17
5013,61
5014,83
5015,87
5016,278
5017,86
5018,61
5019,64
5020,32
5021,55
5022,138
5023,73
5024,221
5025,0
5026,139
5027,167
5028,141
5029,105
5030,9
5031,118
5032,13
5033,20
5034,128
5035,28
5036,20
5037,133
5038,136
5039,148
5040,250
5041,4
5042,12
5043,194
5044,97
5045,181
5046,3
5047,162
5048,95
5049,52
5050,180
5051,212
5052,125
5053,45
5054,16
5055,152
5056,36
5057,33
5058,116
5059,0
5060,240
5061,127
5062,54
5063,0
5064,61
5065,119
5066,191
5067,18
5068,266
5069,41
5070,171
5071,61
5072,46
5073,255
5074,129
5075,43
5076,144
5077,60
5078,244
5079,50
5080,162
5081,62
5082,14
5083,215
5084,28
5085,67
5086,192
5087,7
5088,36
5089,217
5090,72
5091,206
5092,13
5093,18
5094,78
5095,227
5096,34
5097,150
5098,195
5099,130
5100,267
5101,80
5102,35
5103,82
5104,35
5105,50
5106,120
5107,94
5108,24
5109,0
5110,76
5111,151
5112,16
5113,125
5114,29
5115,83
5116,238
5117,47
5118,55
5119,59
5120,189
5121,232
5122,40
5123,45
5124,212
5125,42
5126,55
5127,210
5128,285
5129,75
5130,203
5131,144
5132,23
5133,277
5134,85
5135,231
5136,61
5137,76
5138,268
5139,132
5140,49
5141,190
5142,3
5143,91
5144,270
5145,265
5146,68
5147,102
5148,102
5149,92
5150,38
5151,277
5152,233
5153,268
5154,78
5155,93
5156,3
5157,95
5158,248
5159,47
5160,88
5161,2
5162,23
5163,100
5164,70
5165,116
5166,161
5167,272
5168,103
5169,97
5170,191
5171,272
5172,61
5173,56
5174,102
5175,137
5176,92
5177,79
5178,97
5179,52
5180,191
5181,242
5182,124
5183,230
5184,106
5185,274
5186,198
5187,189
5188,78
5189,246
5190,9
5191,256
5192,141
5193,195
5194,59
5195,26
5196,69
5197,31
5198,231
5199,9
5200,72
5201,28
5202,76
5203,66
5204,107
5205,88
5206,26
5207,30
5208,32
5209,156
5210,199
5211,145
5212,136
5213,207
5214,257
5215,198
5216,68
5217,171
5218,144
5219,20
5220,195
5221,10
5222,35
5223,113
5224,20
5225,113
5226,248
5227,218
5228,196
5229,110
5230,123
5231,194
5232,198
5233,259
5234,86
5235,17
5236,219
5237,189
5238,188
5239,62
5240,10
5241,269
5242,153
5243,14
5244,95
5245,158
5246,39
5247,203
5248,56
5249,164
5250,142
5251,188
5252,89
5253,90
5254,84
5255,241
5256,159
5257,75
5258,5
5259,102
5260,185
5261,156
5262,15
5263,163
5264,160
5265,237
5266,14
5267,265
5268,260
5269,26
5270,250
5271,81
5272,11
5273,51
5274,12
5275,60
5276,163
5277,110
5278,1
5279,23
5280,262
5281,205
5282,93
5283,108
5284,200
5285,16
5286,225
5287,34
5288,232
5289,9
5290,209
5291,0
5292,19
5293,63
5294,80
5295,174
5296,172
5297,4
5298,15
5299,117
5300,5
5301,123
5302,91
5303,15
5304,84
5305,45
5306,121
5307,279
5308,64
5309,17
5310,99
5311,85
5312,218
5313,5
5314,13
5315,258
5316,75
5317,225
5318,158
5319,96
5320,142
5321,90
5322,43
5323,198
5324,104
5325,175
5326,162
5327,177
5328,59
5329,75
5330,211
5331,35
5332,47
5333,97
5334,41
5335,257
5336,126
5337,60
5338,50
5339,28
5340,93
5341,36
5342,28
5343,48
5344,56
5345,42
5346,176
5347,16
5348,32
5349,28
5350,216
5351,70
5352,240
5353,35
5354,173
5355,18
5356,34
5357,75
5358,180
5359,53
5360,257
5361,254
5362,79
5363,46
5364,3
5365,0
5366,37
5367,59
5368,33
5369,84
5370,279
5371,15
5372,101
5373,97
5374,43
5375,273
5376,74
5377,68
5378,267
5379,0
5380,60
5381,108
5382,13
5383,246
5384,9
5385,202
5386,155
5387,101
5388,13
5389,153
5390,285
5391,250
5392,179
5393,201
5394,284
5395,25
5396,8
5397,216
5398,54
5399,271
5400,283
5401,77
5402,115
5403,3
5404,1
5405,6
5406,11
5407,113
5408,101
5409,128
5410,110
5411,188
5412,68
5413,109
5414,153
5415,186
5416,149
5417,200
5418,17
5419,272
5420,50
5421,253
5422,138
5423,4
5424,106
5425,197
5426,85
5427,27
5428,18
5429,91
5430,77
5431,27
5432,137
5433,277
5434,35
5435,22
5436,233
5437,244
5438,142
5439,71
5440,10
5441,18
5442,43
5443,199
5444,4
5445,71
5446,21
5447,24
5448,10
5449,142
5450,174
5451,219
5452,32
5453,235
5454,264
5455,1
5456,209
5457,38
5458,147
5459,66
5460,3
5461,191
5462,188
5463,140
5464,2
5465,7
5466,18
5467,222
5468,48
5469,119
5470,38
5471,1
5472,204
5473,50
5474,142
5475,25
5476,20
5477,76
5478,113
5479,282
5480,151
5481,67
5482,13
5483,254
5484,18
5485,89
5486,52
5487,254
5488,212
5489,232
5490,97
5491,244
5492,226
5493,145
5494,238
5495,39
5496,204
5497,0
5498,36
5499,84
5500,143
5501,115
5502,129
5503,175
5504,209
5505,89
5506,248
5507,84
5508,4
5509,24
5510,11
5511,247
5512,89
5513,14
5514,285
5515,12
5516,43
5517,117
5518,3
5519,203
5520,156
5521,58
5522,4
5523,127
5524,91
5525,21
5526,14
5527,37
5528,43
5529,8
5530,9
5531,139
5532,88
5533,22
5534,33
5535,25
5536,186
5537,61
5538,34
5539,124
5540,139
5541,58
5542,109
5543,26
5544,16
5545,49
5546,17
5547,43
5548,148
5549,100
5550,27
5551,8
5552,117
5553,14
5554,20
5555,32
5556,15
5557,7
5558,84
5559,20
5560,103
5561,6
5562,40
5563,49
5564,2
5565,212
5566,7
5567,36
5568,42
5569,32
5570,2
5571,283
5572,61
5573,22
5574,84
5575,235
5576,40
5577,13
5578,44
5579,74
5580,233
5581,71
5582,38
5583,6
5584,214
5585,28
5586,275
5587,178
5588,19
5589,24
5590,19
5591,196
5592,9
5593,8
5594,162
5595,53
5596,42
5597,283
5598,36
5599,7
5600,143
5601,182
5602,63
5603,21
5604,8
5605,202
5606,8
5607,104
5608,31
5609,62
5610,88
5611,38
5612,18
5613,62
5614,102
5615,8
5616,79
5617,43
5618,192
5619,147
5620,216
5621,11
5622,201
5623,77
5624,12
5625,213
5626,39
5627,43
5628,109
5629,22
5630,52
5631,77
5632,151
5633,57
5634,279
5635,45
5636,63
5637,69
5638,216
5639,249
5640,44
5641,127
5642,177
5643,208
5644,45
5645,182
5646,155
5647,111
5648,52
5649,69
5650,120
5651,182
5652,176
5653,33
5654,86
5655,186
5656,151
5657,134
5658,194
5659,3
5660,116
5661,163
5662,254
5663,110
5664,118
5665,182
5666,227
5667,175
5668,185
5669,164
5670,285
5671,116
5672,157
5673,177
5674,273
5675,4
5676,204
5677,141
5678,193
5679,101
5680,277
5681,120
5682,236
5683,248
5684,139
5685,14
5686,0
5687,53
5688,149
5689,129
5690,59
5691,33
5692,103
5693,274
5694,246
5695,163
5696,189
5697,3
5698,134
5699,250
5700,71
5701,274
5702,58
5703,106
5704,226
5705,10
5706,33
5707,101
5708,150
5709,31
5710,229
5711,33
5712,69
5713,148
5714,124
5715,10
5716,95
5717,147
5718,113
5719,196
5720,209
5721,46
5722,35
5723,4
5724,146
5725,242
5726,141
5727,159
5728,88
5729,223
5730,264
5731,116
5732,54
5733,228
5734,11
5735,33
5736,55
5737,72
5738,214
5739,32
5740,34
5741,177
5742,41
5743,14
5744,184
5745,65
5746,38
5747,63
5748,124
5749,35
5750,258
5751,250
5752,260
5753,191
5754,194
5755,166
5756,84
5757,282
5758,99
5759,30
5760,22
5761,154
5762,219
5763,0
5764,216
5765,141
5766,163
5767,243
5768,113
5769,74
5770,127
5771,89
5772,139
5773,258
5774,17
5775,1
5776,114
5777,115
5778,108
5779,14
5780,199
5781,154
5782,85
5783,200
5784,118
5785,138
5786,61
5787,136
5788,190
5789,43
5790,25
5791,134
5792,95
5793,180
5794,172
5795,23
5796,4
5797,5
5798,285
5799,8
5800,100
5801,113
5802,145
5803,1
5804,87
5805,124
5806,178
5807,141
5808,30
5809,242
5810,41
5811,0
5812,1
5813,250
5814,49
5815,27
5816,195
5817,255
5818,19
5819,72
5820,33
5821,139
5822,216
5823,26
5824,228
5825,217
5826,200
5827,134
5828,32
5829,7
5830,14
5831,40
5832,54
5833,175
5834,69
5835,25
5836,167
5837,245
5838,151
5839,11
5840,31
5841,168
5842,280
5843,74
5844,15
5845,20
5846,40
5847,126
5848,9
5849,0
5850,76
5851,45
5852,11
5853,209
5854,63
5855,126
5856,23
5857,161
5858,107
5859,22
5860,64
5861,224
5862,6
5863,155
5864,173
5865,261
5866,32
5867,70
5868,113
5869,238
5870,75
5871,178
5872,99
5873,29
5874,63
5875,54
5876,2
5877,278
5878,152
5879,14
5880,90
5881,249
5882,123
5883,80
5884,91
5885,165
5886,216
5887,81
5888,40
5889,163
5890,98
5891,165
5892,90
5893,239
5894,18
5895,227
5896,106
5897,70
5898,90
5899,71
5900,3
5901,244
5902,89
5903,116
5904,62
5905,11
5906,69
5907,18
5908,12
5909,176
5910,228
5911,0
5912,201
5913,15
5914,17
5915,127
5916,5
5917,20
5918,111
5919,22
5920,47
5921,135
5922,118
5923,24
5924,39
5925,246
5926,28
5927,53
5928,91
5929,131
5930,258
5931,18
5932,164
5933,146
5934,140
5935,107
5936,20
5937,161
5938,16
5939,195
5940,278
5941,205
5942,139
5943,124
5944,189
5945,2
5946,136
5947,28
5948,252
5949,57
5950,13
5951,78
5952,86
5953,17
5954,216
5955,12
5956,17
5957,112
5958,4
5959,12
5960,198
5961,167
5962,71
5963,162
5964,128
5965,223
5966,77
5967,13
5968,14
5969,204
5970,221
5971,53
5972,257
5973,208
5974,213
5975,8
5976,229
5977,99
5978,32
5979,227
5980,174
5981,124
5982,31
5983,35
5984,78
5985,79
5986,33
5987,13
5988,160
5989,31
5990,245
5991,221
5992,12
5993,58
5994,81
5995,279
5996,39
5997,73
5998,176
5999,93
6000,8
6001,21
6002,249
6003,15
6004,281
6005,34
6006,88
6007,5
6008,251
6009,273
6010,261
6011,257
6012,38
6013,95
6014,28
6015,237
6016,86
6017,28
6018,247
6019,232
6020,191
6021,5
6022,143
6023,253
6024,32
6025,39
6026,253
6027,235
6028,3
6029,115
6030,31
6031,6
6032,0
6033,118
6034,81
6035,24
6036,17
6037,23
6038,135
6039,126
6040,24
6041,63
6042,156
6043,81
6044,205
6045,6
6046,27
6047,69
6048,30
6049,13
6050,18
6051,242
6052,20
6053,120
6054,28
6055,40
6056,107
6057,11
6058,24
6059,4
6060,36
6061,22
6062,121
6063,138
6064,20
6065,162
6066,210
6067,156
6068,109
6069,154
6070,270
6071,43
6072,49
6073,52
6074,29
6075,22
6076,34
6077,157
6078,47
6079,124
6080,258
6081,45
6082,14
6083,40
6084,45
6085,8
6086,139
6087,0
6088,79
6089,223
6090,234
6091,161
6092,92
6093,245
6094,5
6095,59
6096,243
6097,25
6098,15
6099,37
6100,152
6101,108
6102,284
6103,204
6104,75
6105,282
6106,169
6107,169
6108,224
6109,19
6110,74
6111,98
6112,55
6113,192
6114,278
6115,76
6116,28
6117,18
6118,158
6119,136
6120,40
6121,247
6122,189
6123,49
6124,14
6125,78
6126,184
6127,82
6128,34
6129,102
6130,211
6131,102
6132,206
6133,123
6134,86
6135,57
6136,2
6137,209
6138,91
6139,78
6140,105
6141,15
6142,205
6143,271
6144,37
6145,17
6146,51
6147,92
6148,55
6149,47
6150,62
6151,263
6152,73
6153,8
6154,98
6155,176
6156,35
6157,170
6158,103
6159,285
6160,284
6161,44
6162,68
6163,46
6164,62
6165,116
6166,130
6167,67
6168,3
6169,112
6170,155
6171,114
6172,58
6173,61
6174,107
6175,102
6176,153
6177,112
6178,239
6179,73
6180,90
6181,88
6182,128
6183,275
6184,210
6185,256
6186,134
6187,73
6188,124
6189,188
6190,163
6191,285
6192,244
6193,194
6194,40
6195,221
6196,117
6197,197
6198,179
6199,129
6200,159
6201,166
6202,189
6203,164
6204,158
6205,177
6206,170
6207,83
6208,58
6209,38
6210,33
6211,20
6212,85
6213,195
6214,235
6215,4
6216,228
6217,269
6218,212
6219,120
6220,135
6221,28
6222,193
6223,170
6224,162
6225,76
6226,10
6227,255
6228,177
6229,0
6230,24
6231,212
6232,48
6233,33
6234,236
6235,252
6236,209
6237,76
6238,26
6239,23
6240,216
6241,123
6242,274
6243,46
6244,166
6245,232
6246,128
6247,250
6248,103
6249,33
6250,34
6251,172
6252,83
6253,144
6254,247
6255,281
6256,145
6257,11
6258,276
6259,106
6260,30
6261,96
6262,270
6263,41
6264,54
6265,273
6266,16
6267,166
6268,196
6269,56
6270,99
6271,14
6272,281
6273,282
6274,227
6275,84
6276,6
6277,266
6278,95
6279,74
6280,9
6281,17
6282,43
6283,12
6284,249
6285,133
6286,159
6287,253
6288,160
6289,93
6290,64
6291,245
6292,12
6293,159
6294,153
6295,55
6296,142
6297,23
6298,168
6299,87
6300,8
6301,4
6302,278
6303,130
6304,4
6305,1
6306,131
6307,99
6308,52
6309,277
6310,116
6311,132
6312,9
6313,133
6314,74
6315,2
6316,53
6317,41
6318,142
6319,264
6320,96
6321,4
6322,252
6323,8
6324,147
6325,201
6326,33
6327,212
6328,4
6329,231
6330,29
6331,119
6332,123
6333,19
6334,42
6335,220
6336,174
6337,46
6338,60
6339,172
6340,170
6341,41
6342,233
6343,77
6344,23
6345,3
6346,75
6347,31
6348,172
6349,107
6350,193
6351,41
6352,188
6353,46
6354,224
6355,247
6356,188
6357,265
6358,150
6359,45
6360,148
6361,4
6362,36
6363,74
6364,72
6365,141
6366,23
6367,127
6368,72
6369,36
6370,11
6371,213
6372,51
6373,95
6374,66
6375,202
6376,211
6377,45
6378,66
6379,67
6380,57
6381,37
6382,244
6383,72
6384,15
6385,167
6386,278
6387,34
6388,70
6389,16
6390,97
6391,36
6392,155
6393,25
6394,103
6395,44
6396,37
6397,96
6398,121
6399,139
6400,202
6401,86
6402,2
6403,52
6404,213
6405,0
6406,78
6407,0
6408,39
6409,163
6410,131
6411,277
6412,93
6413,23
6414,275
6415,23
6416,18
6417,15
6418,125
6419,192
6420,202
6421,22
6422,252
6423,172
6424,241
6425,133
6426,159
6427,130
6428,228
6429,173
6430,277
6431,203
6432,3
6433,103
6434,55
6435,16
6436,94
6437,69
6438,2
6439,22
6440,49
6441,176
6442,11
6443,21
6444,211
6445,138
6446,101
6447,233
6448,76
6449,76
6450,28
6451,21
6452,2
6453,218
6454,25
6455,123
6456,82
6457,94
6458,218
6459,103
6460,54
6461,19
6462,284
6463,231
6464,72
6465,33
6466,18
6467,1
6468,234
6469,189
6470,194
6471,214
6472,9
6473,36
6474,20
6475,36
6476,260
6477,72
6478,243
6479,172
6480,31
6481,150
6482,158
6483,23
6484,117
6485,18
6486,243
6487,30
6488,252
6489,263
6490,1
6491,38
6492,240
6493,53
6494,28
6495,23
6496,139
6497,183
6498,19
6499,192
6500,250
6501,208
6502,106
6503,104
6504,128
6505,21
6506,128
6507,181
6508,18
6509,193
6510,9
6511,174
6512,208
6513,27
6514,49
6515,6
6516,243
6517,220
6518,151
6519,157
6520,32
6521,51
6522,164
6523,284
6524,15
6525,18
6526,4
6527,173
6528,6
6529,235
6530,164
6531,138
6532,180
6533,6
6534,64
6535,216
6536,80
6537,115
6538,86
6539,47
6540,177
6541,82
6542,259
6543,82
6544,86
6545,19
6546,26
6547,18
6548,12
6549,82
6550,84
6551,28
6552,12
6553,4
6554,1
6555,10
6556,93
6557,283
6558,266
6559,159
6560,137
6561,3
6562,179
6563,109
6564,270
6565,102
6566,3
6567,142
6568,105
6569,36
6570,284
6571,11
6572,171
6573,35
6574,201
6575,124
6576,23
6577,20
6578,7
6579,80
6580,43
6581,196
6582,20
6583,26
6584,17
6585,51
6586,104
6587,40
6588,10
6589,256
6590,35
6591,226
6592,205
6593,10
6594,4
6595,71
6596,118
6597,139
6598,178
6599,1
6600,255
6601,185
6602,33
6603,16
6604,210
6605,21
6606,10
6607,267
6608,117
6609,81
6610,42
6611,2
6612,36
6613,119
6614,8
6615,8
6616,57
6617,6
6618,187
6619,242
6620,263
6621,47
6622,255
6623,155
6624,52
6625,193
6626,93
6627,52
6628,70
6629,158
6630,200
6631,196
6632,9
6633,34
6634,75
6635,61
6636,226
6637,21
6638,184
6639,3
6640,182
6641,101
6642,63
6643,256
6644,79
6645,108
6646,71
6647,67
6648,110
6649,34
6650,155
6651,37
6652,92
6653,176
6654,44
6655,27
6656,161
6657,198
6658,143
6659,45
6660,133
6661,50
6662,257
6663,23
6664,19
6665,88
6666,68
6667,235
6668,109
6669,93
6670,261
6671,21
6672,109
6673,83
6674,114
6675,66
6676,78
6677,51
6678,183
6679,120
6680,34
6681,51
6682,144
6683,203
6684,282
6685,149
6686,84
6687,132
6688,118
6689,155
6690,125
6691,176
6692,57
6693,13
6694,57
6695,20
6696,138
6697,194
6698,14
6699,59
6700,173
6701,9
6702,69
6703,216
6704,255
6705,138
6706,153
6707,18
6708,139
6709,191
6710,211
6711,37
6712,7
6713,49
6714,2
6715,280
6716,265
6717,54
6718,142
6719,70
6720,202
6721,217
6722,260
6723,33
6724,19
6725,52
6726,11
6727,180
6728,152
6729,0
6730,110
6731,215
6732,61
6733,10
6734,70
6735,94
6736,30
6737,189
6738,105
6739,109
6740,220
6741,129
6742,70
6743,9
6744,167
6745,280
6746,38
6747,148
6748,31
6749,48
6750,222
6751,127
6752,164
6753,30
6754,77
6755,8
6756,65
6757,180
6758,268
6759,6
6760,231
6761,55
6762,82
6763,119
6764,38
6765,90
6766,167
6767,157
6768,6
6769,92
6770,264
6771,279
6772,149
6773,197
6774,149
6775,111
6776,223
6777,199
6778,173
6779,44
6780,109
6781,12
6782,165
6783,15
6784,65
6785,241
6786,252
6787,62
6788,17
6789,95
6790,17
6791,39
6792,262
6793,151
6794,9
6795,219
6796,183
6797,206
6798,55
6799,142
6800,245
6801,17
6802,121
6803,168
6804,230
6805,7
6806,80
6807,143
6808,285
6809,24
6810,19
6811,4
6812,9
6813,113
6814,186
6815,41
6816,136
6817,233
6818,122
6819,145
6820,173
6821,122
6822,68
6823,198
6824,31
6825,170
6826,10
6827,40
6828,7
6829,162
6830,8
6831,42
6832,181
6833,21
6834,242
6835,114
6836,29
6837,159
6838,33
6839,228
6840,7
6841,232
6842,34
6843,140
6844,121
6845,24
6846,48
6847,218
6848,49
6849,143
6850,26
6851,230
6852,142
6853,52
6854,269
6855,60
6856,33
6857,136
6858,64
6859,198
6860,64
6861,115
6862,13
6863,39
6864,49
6865,123
6866,1
6867,23
6868,68
6869,174
6870,63
6871,42
6872,222
6873,60
6874,44
6875,82
6876,53
6877,42
6878,1
6879,267
6880,224
6881,51
6882,58
6883,5
6884,46
6885,42
6886,47
6887,180
6888,104
6889,1
6890,5
6891,49
6892,166
6893,59
6894,9
6895,86
6896,140
6897,146
6898,104
6899,11
6900,1
6901,94
6902,34
6903,56
6904,4
6905,15
6906,60
6907,85
6908,25
6909,187
6910,101
6911,155
6912,104
6913,175
6914,53
6915,10
6916,111
6917,68
6918,38
6919,67
6920,39
6921,6
6922,18
6923,217
6924,127
6925,78
6926,100
6927,188
6928,86
6929,19
6930,10
6931,154
6932,221
6933,63
6934,28
6935,75
6936,139
6937,7
6938,114
6939,10
6940,70
6941,55
6942,124
6943,5
6944,273
6945,42
6946,25
6947,27
6948,2
6949,86
6950,17
6951,125
6952,138
6953,273
6954,148
6955,7
6956,11
6957,27
6958,126
6959,233
6960,101
6961,10
6962,44
6963,42
6964,11
6965,4
6966,252
6967,30
6968,19
6969,104
6970,123
6971,10
6972,30
6973,21
6974,134
6975,210
6976,16
6977,259
6978,250
6979,211
6980,19
6981,62
6982,14
6983,20
6984,6
6985,115
6986,156
6987,2
6988,135
6989,23
6990,172
6991,153
6992,120
6993,151
6994,271
6995,64
6996,64
6997,151
6998,47
6999,240
7000,98
7001,160
7002,29
7003,154
7004,259
7005,152
7006,13
7007,54
7008,119
7009,219
7010,133
7011,103
7012,245
7013,35
7014,203
7015,236
7016,251
7017,201
7018,18
7019,83
7020,2
7021,21
7022,19
7023,188
7024,92
7025,78
7026,68
7027,161
7028,46
7029,35
7030,119
7031,168
7032,65
7033,13
7034,14
7035,130
7036,45
7037,229
7038,39
7039,34
7040,173
7041,55
7042,208
7043,19
7044,108
7045,79
7046,36
7047,7
7048,52
7049,7
7050,4
7051,133
7052,215
7053,30
7054,47
7055,280
7056,78
7057,2
7058,3
7059,276
7060,82
7061,114
7062,229
7063,29
7064,5
7065,106
7066,5
7067,95
7068,8
7069,174
7070,204
7071,185
7072,226
7073,134
7074,256
7075,99
7076,247
7077,23
7078,256
7079,20
7080,86
7081,178
7082,107
7083,141
7084,8
7085,191
7086,7
7087,176
7088,29
7089,28
7090,43
7091,67
7092,41
7093,237
7094,26
7095,222
7096,120
7097,43
7098,27
7099,262
7100,225
7101,12
7102,42
7103,27
7104,40
7105,29
7106,66
7107,40
7108,34
7109,140
7110,190
7111,14
7112,168
7113,137
7114,218
7115,180
7116,43
7117,223
7118,243
7119,34
7120,67
7121,32
7122,198
7123,34
7124,12
7125,146
7126,153
7127,39
7128,220
7129,73
7130,20
7131,13
7132,25
7133,23
7134,21
7135,261
7136,82
7137,195
7138,52
7139,1
7140,43
7141,60
7142,13
7143,48
7144,203
7145,67
7146,70
7147,174
7148,113
7149,46
7150,16
7151,23
7152,56
7153,251
7154,153
7155,213
7156,250
7157,263
7158,12
7159,101
7160,100
7161,157
7162,29
7163,31
7164,208
7165,47
7166,276
7167,43
7168,212
7169,79
7170,192
7171,259
7172,266
7173,106
7174,226
7175,96
7176,164
7177,179
7178,219
7179,108
7180,59
7181,65
7182,282
7183,26
7184,117
7185,95
7186,191
7187,72
7188,75
7189,26
7190,262
7191,120
7192,160
7193,4
7194,228
7195,114
7196,76
7197,198
7198,62
7199,233
7200,198
7201,135
7202,202
7203,210
7204,39
7205,225
7206,258
7207,64
7208,171
7209,114
7210,87
7211,70
7212,149
7213,264
7214,73
7215,58
7216,122
7217,10
7218,55
7219,92
7220,26
7221,51
7222,256
7223,171
7224,260
7225,104
7226,171
7227,173
7228,97
7229,125
7230,197
7231,148
7232,231
7233,103
7234,69
7235,215
7236,138
7237,210
7238,85
7239,215
7240,283
7241,191
7242,140
7243,200
7244,32
7245,226
7246,48
7247,156
7248,224
7249,179
7250,246
7251,35
7252,269
7253,175
7254,138
7255,29
7256,24
7257,67
7258,144
7259,197
7260,256
7261,115
7262,46
7263,118
7264,4
7265,90
7266,185
7267,259
7268,32
7269,232
7270,33
7271,196
7272,284
7273,10
7274,38
7275,16
7276,20
7277,151
7278,1
7279,64
7280,32
7281,277
7282,44
7283,62
7284,149
7285,54
7286,26
7287,127
7288,176
7289,80
7290,56
7291,14
7292,229
7293,48
7294,75
7295,60
7296,147
7297,212
7298,98
7299,82
7300,101
7301,279
7302,239
7303,6
7304,260
7305,6
7306,273
7307,2
7308,218
7309,0
7310,245
7311,5
7312,72
7313,29
7314,62
7315,31
7316,77
7317,103
7318,282
7319,5
7320,86
7321,182
7322,283
7323,45
7324,116
7325,27
7326,249
7327,51
7328,92
7329,116
7330,6
7331,132
7332,5
7333,128
7334,77
7335,36
7336,136
7337,66
7338,139
7339,43
7340,74
7341,52
7342,136
7343,92
7344,26
7345,31
7346,268
7347,52
7348,231
7349,201
7350,136
7351,43
7352,17
7353,246
7354,131
7355,165
7356,149
7357,140
7358,123
7359,138
7360,133
7361,169
7362,34
7363,240
7364,33
7365,171
7366,127
7367,200
7368,30
7369,40
7370,7
7371,8
7372,222
7373,220
7374,65
7375,174
7376,123
7377,170
7378,57
7379,33
7380,240
7381,223
7382,30
7383,46
7384,29
7385,15
7386,23
7387,93
7388,102
7389,216
7390,38
7391,226
7392,56
7393,76
7394,257
7395,55
7396,59
7397,76
7398,27
7399,51
7400,125
7401,30
7402,46
7403,136
7404,241
7405,200
7406,187
7407,54
7408,27
7409,41
7410,157
7411,71
7412,18
7413,79
7414,27
7415,174
7416,75
7417,66
7418,66
7419,8
7420,2
7421,247
7422,30
7423,73
7424,4
7425,225
7426,203
7427,248
7428,5
7429,133
7430,9
7431,63
7432,87
7433,16
7434,2
7435,59
7436,235
7437,28
7438,98
7439,38
7440,151
7441,71
7442,71
7443,199
7444,10
7445,30
7446,15
7447,130
7448,267
7449,186
7450,134
7451,62
7452,136
7453,114
7454,42
7455,131
7456,97
7457,24
7458,25
7459,78
7460,90
7461,235
7462,157
7463,128
7464,160
7465,123
7466,26
7467,113
7468,23
7469,17
7470,96
7471,4
7472,42
7473,3
7474,244
7475,242
7476,146
7477,20
7478,29
7479,23
7480,18
7481,71
7482,180
7483,0
7484,0
7485,0
7486,13
7487,177
7488,170
7489,152
7490,25
7491,6
7492,137
7493,152
7494,2
7495,135
7496,240
7497,25
7498,146
7499,47
7500,23
7501,106
7502,271
7503,126
7504,33
7505,3
7506,175
7507,24
7508,141
7509,0
7510,18
7511,115
7512,226
7513,4
7514,88
7515,24
7516,20
7517,149
7518,92
7519,91
7520,23
7521,58
7522,205
7523,8
7524,222
7525,136
7526,169
7527,218
7528,277
7529,227
7530,34
7531,221
7532,18
7533,155
7534,55
7535,24
7536,13
7537,222
7538,122
7539,245
7540,21
7541,217
7542,82
7543,269
7544,110
7545,279
7546,41
7547,190
7548,22
7549,47
7550,0
7551,62
7552,155
7553,12
7554,34
7555,1
7556,90
7557,108
7558,183
7559,12
7560,58
7561,250
7562,113
7563,187
7564,161
7565,81
7566,217
7567,98
7568,147
7569,90
7570,22
7571,61
7572,111
7573,25
7574,220
7575,272
7576,227
7577,15
7578,163
7579,25
7580,20
7581,90
7582,251
7583,6
7584,8
7585,23
7586,246
7587,166
7588,116
7589,140
7590,5
7591,24
7592,45
7593,6
7594,156
7595,11
7596,12
7597,49
7598,46
7599,38
7600,193
7601,38
7602,36
7603,7
7604,5
7605,18
7606,134
7607,57
7608,25
7609,30
7610,1
7611,47
7612,16
7613,143
7614,118
7615,20
7616,101
7617,135
7618,20
7619,234
7620,20
7621,35
7622,13
7623,6
7624,49
7625,50
7626,191
7627,59
7628,7
7629,36
7630,158
7631,13
7632,23
7633,97
7634,16
7635,113
7636,147
7637,49
7638,214
7639,51
7640,61
7641,28
7642,27
7643,11
7644,64
7645,26
7646,64
7647,211
7648,20
7649,16
7650,180
7651,56
7652,264
7653,63
7654,224
7655,20
7656,41
7657,74
7658,33
7659,171
7660,78
7661,257
7662,100
7663,78
7664,24
7665,28
7666,35
7667,77
7668,152
7669,47
7670,18
7671,124
7672,121
7673,50
7674,53
7675,83
7676,14
7677,91
7678,85
7679,135
7680,78
7681,270
7682,262
7683,54
7684,27
7685,48
7686,244
7687,12
7688,109
7689,190
7690,62
7691,57
7692,53
7693,73
7694,127
7695,92
7696,200
7697,269
7698,3
7699,119
7700,26
7701,196
7702,154
7703,4
7704,64
7705,117
7706,19
7707,126
7708,35
7709,150
7710,73
7711,258
7712,92
7713,93
7714,75
7715,211
7716,94
7717,11
7718,2
7719,73
7720,209
7721,118
7722,91
7723,130
7724,285
7725,141
7726,200
7727,284
7728,77
7729,205
7730,49
7731,42
7732,98
7733,134
7734,83
7735,0
7736,2
7737,35
7738,129
7739,208
7740,279
7741,233
7742,132
7743,160
7744,220
7745,86
7746,66
7747,56
7748,9
7749,95
7750,144
7751,14
7752,150
7753,135
7754,76
7755,108
7756,257
7757,243
7758,191
7759,86
7760,64
7761,86
7762,111
7763,18
7764,26
7765,270
7766,185
7767,231
7768,70
7769,46
7770,115
7771,107
7772,49
7773,157
7774,216
7775,93
7776,198
7777,14
7778,98
7779,41
7780,207
7781,91
7782,184
7783,0
7784,224
7785,41
7786,82
7787,80
7788,94
7789,89
7790,148
7791,130
7792,197
7793,41
7794,2
7795,71
7796,271
7797,46
7798,123
7799,250
7800,1
7801,251
7802,17
7803,182
7804,235
7805,45
7806,276
7807,163
7808,45
7809,182
7810,202
7811,251
7812,47
7813,122
7814,192
7815,156
7816,229
7817,177
7818,119
7819,65
7820,0
7821,66
7822,154
7823,139
7824,275
7825,105
7826,9
7827,74
7828,44
7829,114
7830,122
7831,4
7832,11
7833,178
7834,121
7835,279
7836,19
7837,5
7838,50
7839,186
7840,5
7841,67
7842,95
7843,6
7844,204
7845,225
7846,10
7847,230
7848,141
7849,168
7850,178
7851,1
7852,52
7853,12
7854,138
7855,223
7856,69
7857,132
7858,194
7859,46
7860,228
7861,58
7862,30
7863,5
7864,164
7865,176
7866,197
7867,9
7868,9
7869,57
7870,197
7871,268
7872,7
7873,35
7874,16
7875,10
7876,45
7877,17
7878,2
7879,2
7880,114
7881,61
7882,61
7883,72
7884,31
7885,118
7886,54
7887,32
7888,174
7889,61
7890,103
7891,4
7892,271
7893,15
7894,75
7895,13
7896,177
7897,137
7898,32
7899,14
7900,50
7901,220
7902,166
7903,257
7904,12
7905,27
7906,206
7907,217
7908,75
7909,4
7910,103
7911,48
7912,37
7913,64
7914,104
7915,237
7916,247
7917,10
7918,32
7919,207
7920,182
7921,107
7922,25
7923,31
7924,1
7925,73
7926,175
7927,54
7928,0
7929,200
7930,46
7931,82
7932,10
7933,272
7934,60
7935,131
7936,96
7937,66
7938,109
7939,14
7940,6
7941,10
7942,230
7943,151
7944,40
7945,78
7946,111
7947,132
7948,225
7949,79
7950,273
7951,154
7952,253
7953,161
7954,22
7955,69
7956,79
7957,207
7958,4
7959,166
7960,31
7961,97
7962,71
7963,4
7964,91
7965,113
7966,18
7967,207
7968,94
7969,265
7970,29
7971,124
7972,21
7973,87
7974,9
7975,197
7976,5
7977,88
7978,12
7979,71
7980,1
7981,226
7982,1
7983,131
7984,165
7985,15
7986,275
7987,223
7988,58
7989,53
7990,25
7991,205
7992,14
7993,161
7994,260
7995,20
7996,165
7997,267
7998,145
7999,136
8000,53
8001,252
8002,190
8003,38
8004,44
8005,68
8006,70
8007,33
8008,175
8009,35
8010,89
8011,118
8012,16
8013,31
8014,131
8015,156
8016,152
8017,272
8018,117
8019,72
8020,104
8021,91
8022,43
8023,116
8024,230
8025,271
8026,23
8027,55
8028,261
8029,14
8030,270
8031,102
8032,137
8033,151
8034,207
8035,159
8036,20
8037,116
8038,31
8039,13
8040,277
8041,252
8042,217
8043,167
8044,11
8045,169
8046,176
8047,254
8048,24
8049,5
8050,232
8051,12
8052,181
8053,279
8054,185
8055,12
8056,44
8057,174
8058,12
8059,20
8060,250
8061,31
8062,202
8063,34
8064,83
8065,2
8066,29
8067,166
8068,4
8069,21
8070,54
8071,175
8072,274
8073,19
8074,227
8075,9
8076,1
8077,180
8078,12
8079,16
8080,41
8081,0
8082,8
8083,74
8084,26
8085,259
8086,118
8087,199
8088,3
8089,206
8090,32
8091,122
8092,26
8093,31
8094,37
8095,11
8096,241
8097,122
8098,97
8099,3
8100,33
8101,17
8102,67
8103,94
8104,128
8105,15
8106,131
8107,40
8108,7
8109,6
8110,137
8111,21
8112,37
8113,205
8114,200
8115,3
8116,25
8117,50
8118,8
8119,31
8120,172
8121,129
8122,130
8123,5
8124,11
8125,177
8126,43
8127,28
8128,25
8129,48
8130,77
8131,5
8132,5
8133,1
8134,103
8135,158
8136,17
8137,1
8138,50
8139,256
8140,37
8141,241
8142,35
8143,0
8144,159
8145,174
8146,65
8147,55
8148,38
8149,10
8150,148
8151,282
8152,122
8153,4
8154,5
8155,22
8156,143
8157,30
8158,4
8159,177
8160,199
8161,33
8162,45
8163,48
8164,37
8165,199
8166,73
8167,150
8168,37
8169,283
8170,78
8171,277
8172,82
8173,73
8174,102
8175,35
8176,95
8177,11
8178,57
8179,39
8180,30
8181,67
8182,209
8183,21
8184,253
8185,107
8186,176
8187,3
8188,32
8189,49
8190,74
8191,101
8192,120
8193,167
8194,280
8195,167
8196,12
8197,182
8198,132
8199,15
8200,8
8201,249
8202,87
8203,207
8204,235
8205,102
8206,68
8207,278
8208,48
8209,94
8210,275
8211,200
8212,250
8213,77
8214,279
8215,120
8216,12
8217,151
8218,126
8219,134
8220,77
8221,67
8222,4
8223,40
8224,275
8225,129
8226,238
8227,168
8228,194
8229,92
8230,4
8231,67
8232,181
8233,42
8234,148
8235,38
8236,80
8237,193
8238,59
8239,103
8240,154
8241,165
8242,73
8243,66
8244,148
8245,107
8246,185
8247,129
8248,58
8249,240
8250,221
8251,142
8252,110
8253,55
8254,63
8255,109
8256,4
8257,85
8258,75
8259,14
8260,70
8261,35
8262,252
8263,106
8264,158
8265,177
8266,193
8267,64
8268,16
8269,112
8270,56
8271,134
8272,32
8273,141
8274,132
8275,253
8276,4
8277,4
8278,217
8279,212
8280,167
8281,207
8282,81
8283,265
8284,261
8285,159
8286,208
8287,10
8288,17
8289,145
8290,3
8291,280
8292,219
8293,13
8294,151
8295,26
8296,271
8297,34
8298,97
8299,1
8300,216
8301,21
8302,80
8303,272
8304,2
8305,90
8306,116
8307,114
8308,41
8309,204
8310,191
8311,1
8312,36
8313,106
8314,145
8315,15
8316,130
8317,202
8318,36
8319,239
8320,203
8321,65
8322,9
8323,223
8324,12
8325,248
8326,235
8327,29
8328,1
8329,198
8330,105
8331,208
8332,54
8333,165
8334,20
8335,24
8336,182
8337,1
8338,83
8339,115
8340,0
8341,0
8342,142
8343,17
8344,167
8345,5
8346,0
8347,184
8348,14
8349,4
8350,29
8351,111
8352,98
8353,16
8354,12
8355,3
8356,58
8357,44
8358,83
8359,68
8360,50
8361,45
8362,17
8363,115
8364,26
8365,212
8366,19
8367,275
8368,19
8369,245
8370,255
8371,81
8372,1
8373,7
8374,111
8375,183
8376,27
8377,39
8378,48
8379,195
8380,2
8381,49
8382,135
8383,21
8384,226
8385,29
8386,281
8387,48
8388,15
8389,6
8390,155
8391,195
8392,47
8393,236
8394,1
8395,11
8396,48
8397,227
8398,255
8399,243
8400,36
8401,15
8402,14
8403,31
8404,8
8405,167
8406,201
8407,13
8408,88
8409,8
8410,75
8411,254
8412,47
8413,51
8414,68
8415,263
8416,264
8417,236
8418,12
8419,217
8420,41
8421,32
8422,50
8423,112
8424,62
8425,34
8426,46
8427,37
8428,277
8429,73
8430,245
8431,62
8432,231
8433,222
8434,96
8435,66
8436,144
8437,2
8438,184
8439,77
8440,120
8441,50
8442,54
8443,38
8444,94
8445,52
8446,34
8447,6
8448,44
8449,144
8450,73
8451,213
8452,120
8453,89
8454,1
8455,158
8456,2
8457,11
8458,7
8459,15
8460,10
8461,29
8462,66
8463,142
8464,71
8465,9
8466,9
8467,90
8468,168
8469,97
8470,15
8471,18
8472,30
8473,64
8474,82
8475,285
8476,7
8477,98
8478,15
8479,284
8480,71
8481,266
8482,241
8483,221
8484,121
8485,90
8486,241
8487,13
8488,178
8489,161
8490,131
8491,135
8492,54
8493,179
8494,114
8495,21
8496,4
8497,148
8498,57
8499,7
8500,230
8501,22
8502,200
8503,172
8504,23
8505,3
8506,190
8507,6
8508,60
8509,154
8510,241
8511,21
8512,73
8513,173
8514,35
8515,15
8516,129
8517,38
8518,214
8519,85
8520,48
8521,175
8522,190
8523,212
8524,143
8525,37
8526,1
8527,48
8528,234
8529,87
8530,73
8531,25
8532,19
8533,107
8534,198
8535,19
8536,48
8537,160
8538,154
8539,188
8540,76
8541,150
8542,157
8543,38
8544,184
8545,5
8546,208
8547,36
8548,65
8549,2
8550,59
8551,233
8552,12
8553,240
8554,65
8555,172
8556,203
8557,31
8558,36
8559,127
8560,2
8561,139
8562,90
8563,5
8564,24
8565,232
8566,83
8567,6
8568,221
8569,84
8570,7
8571,44
8572,7
8573,278
8574,25
8575,79
8576,179
8577,7
8578,13
8579,244
8580,192
8581,137
8582,6
8583,216
8584,18
8585,107
8586,81
8587,36
8588,99
8589,82
8590,273
8591,99
8592,21
8593,34
8594,21
8595,44
8596,5
8597,92
8598,229
8599,105
8600,20
8601,41
8602,141
8603,150
8604,90
8605,30
8606,112
8607,18
8608,179
8609,24
8610,69
8611,19
8612,16
8613,165
8614,12
8615,20
8616,3
8617,89
8618,117
8619,252
8620,2
8621,278
8622,12
8623,238
8624,21
8625,268
8626,21
8627,43
8628,20
8629,50
8630,22
8631,230
8632,233
8633,14
8634,5
8635,12
8636,19
8637,1
8638,44
8639,46
8640,135
8641,22
8642,273
8643,38
8644,36
8645,5
8646,60
8647,36
8648,201
8649,242
8650,49
8651,117
8652,31
8653,18
8654,71
8655,119
8656,10
8657,192
8658,248
8659,45
8660,74
8661,43
8662,21
8663,33
8664,11
8665,12
8666,17
8667,23
8668,147
8669,50
8670,24
8671,11
8672,80
8673,24
8674,47
8675,81
8676,30
8677,156
8678,51
8679,32
8680,106
8681,89
8682,269
8683,55
8684,51
8685,30
8686,59
8687,48
8688,13
8689,33
8690,18
8691,26
8692,46
8693,273
8694,172
8695,62
8696,140
8697,146
8698,50
8699,3
8700,109
8701,55
8702,16
8703,89
8704,94
8705,182
8706,40
8707,68
8708,19
8709,75
8710,64
8711,150
8712,65
8713,39
8714,4
8715,190
8716,67
8717,71
8718,179
8719,130
8720,111
8721,216
8722,75
8723,66
8724,239
8725,258
8726,57
8727,78
8728,20
8729,268
8730,168
8731,147
8732,66
8733,21
8734,114
8735,200
8736,256
8737,17
8738,137
8739,108
8740,83
8741,117
8742,70
8743,3
8744,86
8745,26
8746,118
8747,157
8748,165
8749,54
8750,10
8751,171
8752,243
8753,191
8754,59
8755,161
8756,223
8757,116
8758,59
8759,35
8760,195
8761,53
8762,112
8763,56
8764,129
8765,195
8766,87
8767,3
8768,100
8769,180
8770,45
8771,142
8772,272
8773,2
8774,18
8775,170
8776,97
8777,26
8778,203
8779,260
8780,165
8781,251
8782,10
8783,3
8784,88
8785,230
8786,125
8787,120
8788,97
8789,208
8790,79
8791,263
8792,252
8793,137
8794,7
8795,27
8796,207
8797,140
8798,282
8799,3
8800,160
8801,260
8802,196
8803,38
8804,266
8805,10
8806,245
8807,89
8808,144
8809,151
8810,30
8811,21
8812,185
8813,183
8814,266
8815,31
8816,231
8817,27
8818,104
8819,7
8820,104
8821,198
8822,45
8823,35
8824,45
8825,48
8826,110
8827,239
8828,184
8829,24
8830,12
8831,165
8832,27
8833,86
8834,63
8835,44
8836,15
8837,152
8838,60
8839,182
8840,199
8841,238
8842,62
8843,7
8844,176
8845,102
8846,0
8847,246
8848,238
8849,203
8850,269
8851,106
8852,34
8853,183
8854,27
8855,243
8856,10
8857,107
8858,180
8859,5
8860,186
8861,19
8862,166
8863,26
8864,106
8865,127
8866,264
8867,87
8868,38
8869,66
8870,140
8871,130
8872,239
8873,14
8874,140
8875,11
8876,118
8877,163
8878,162
8879,74
8880,180
8881,7
8882,165
8883,162
8884,269
8885,32
8886,106
8887,115
8888,29
8889,159
8890,251
8891,9
8892,205
8893,9
8894,152
8895,138
8896,222
8897,23
8898,226
8899,0
8900,5
8901,50
8902,117
8903,114
8904,3
8905,68
8906,7
8907,218
8908,10
8909,33
8910,32
8911,40
8912,8
8913,132
8914,274
8915,57
8916,264
8917,169
8918,34
8919,17
8920,5
8921,153
8922,151
8923,84
8924,251
8925,58
8926,183
8927,29
8928,50
8929,97
8930,38
8931,7
8932,226
8933,13
8934,78
8935,189
8936,1
8937,53
8938,30
8939,6
8940,73
8941,55
8942,104
8943,220
8944,99
8945,207
8946,188
8947,7
8948,16
8949,63
8950,48
8951,28
8952,102
8953,14
8954,3
8955,98
8956,215
8957,263
8958,225
8959,187
8960,154
8961,213
8962,6
8963,108
8964,154
8965,262
8966,237
8967,203
8968,265
8969,267
8970,36
8971,6
8972,41
8973,221
8974,69
8975,126
8976,246
8977,95
8978,111
8979,163
8980,18
8981,108
8982,8
8983,7
8984,52
8985,60
8986,186
8987,86
8988,5
8989,261
8990,75
8991,23
8992,71
8993,65
8994,20
8995,236
8996,101
8997,163
8998,128
8999,14
9000,111
9001,244
9002,159
9003,3
9004,205
9005,265
9006,177
9007,67
9008,127
9009,233
9010,26
9011,18
9012,126
9013,26
9014,60
9015,16
9016,126
9017,17
9018,19
9019,25
9020,110
9021,24
9022,8
9023,47
9024,198
9025,210
9026,1
9027,137
9028,5
9029,207
9030,199
9031,28
9032,264
9033,236
9034,6
9035,170
9036,50
9037,129
9038,21
9039,253
9040,48
9041,38
9042,208
9043,129
9044,25
9045,16
9046,140
9047,67
9048,128
9049,151
9050,189
9051,7
9052,266
9053,35
9054,72
9055,36
9056,109
9057,248
9058,46
9059,167
9060,271
9061,77
9062,93
9063,7
9064,0
9065,136
9066,34
9067,44
9068,169
9069,87
9070,157
9071,9
9072,93
9073,209
9074,114
9075,31
9076,210
9077,8
9078,92
9079,22
9080,204
9081,46
9082,172
9083,10
9084,137
9085,15
9086,21
9087,110
9088,182
9089,257
9090,15
9091,271
9092,281
9093,1
9094,17
9095,143
9096,12
9097,8
9098,245
9099,99
9100,113
9101,156
9102,79
9103,19
9104,10
9105,117
9106,242
9107,22
9108,6
9109,61
9110,116
9111,21
9112,102
9113,154
9114,116
9115,135
9116,115
9117,60
9118,185
9119,249
9120,74
9121,120
9122,30
9123,20
9124,82
9125,120
9126,10
9127,36
9128,2
9129,122
9130,87
9131,27
9132,102
9133,124
9134,44
9135,10
9136,275
9137,19
9138,99
9139,8
9140,91
9141,42
9142,11
9143,4
9144,107
9145,66
9146,21
9147,126
9148,228
9149,39
9150,152
9151,51
9152,2
9153,15
9154,97
9155,125
9156,240
9157,27
9158,20
9159,93
9160,24
9161,52
9162,228
9163,177
9164,21
9165,158
9166,171
9167,10
9168,226
9169,116
9170,59
9171,192
9172,83
9173,167
9174,65
9175,144
9176,116
9177,103
9178,62
9179,72
9180,65
9181,5
9182,0
9183,211
9184,214
9185,245
9186,13
9187,183
9188,126
9189,245
9190,50
9191,153
9192,157
9193,57
9194,51
9195,21
9196,51
9197,180
9198,39
9199,102
9200,77
9201,187
9202,146
9203,57
9204,73
9205,77
9206,131
9207,37
9208,47
9209,86
9210,191
9211,56
9212,167
9213,54
9214,35
9215,7
9216,18
9217,42
9218,177
9219,92
9220,80
9221,5
9222,157
9223,71
9224,193
9225,90
9226,60
9227,213
9228,87
9229,249
9230,100
9231,100
9232,278
9233,145
9234,183
9235,67
9236,4
9237,214
9238,184
9239,124
9240,13
9241,114
9242,66
9243,147
9244,119
9245,174
9246,107
9247,126
9248,76
9249,262
9250,41
9251,22
9252,86
9253,14
9254,278
9255,270
9256,112
9257,57
9258,176
9259,134
9260,264
9261,187
9262,224
9263,49
9264,60
9265,148
9266,2
9267,86
9268,118
9269,146
9270,265
9271,97
9272,73
9273,46
9274,122
9275,122
9276,168
9277,21
9278,146
9279,96
9280,42
9281,0
9282,134
9283,156
9284,141
9285,4
9286,174
9287,264
9288,220
9289,20
9290,195
9291,193
9292,218
9293,64
9294,150
9295,3
9296,170
9297,2
9298,197
9299,156
9300,229
9301,72
9302,9
9303,51
9304,117
9305,185
9306,57
9307,6
9308,0
9309,21
9310,17
9311,127
9312,3
9313,220
9314,46
9315,96
9316,174
9317,48
9318,48
9319,203
9320,247
9321,186
9322,54
9323,41
9324,149
9325,255
9326,184
9327,23
9328,19
9329,103
9330,247
9331,55
9332,213
9333,35
9334,30
9335,110
9336,5
9337,131
9338,96
9339,142
9340,1
9341,15
9342,89
9343,184
9344,99
9345,6
9346,193
9347,56
9348,259
9349,1
9350,129
9351,184
9352,196
9353,14
9354,7
9355,16
9356,43
9357,2
9358,91
9359,8
9360,231
9361,83
9362,74
9363,14
9364,27
9365,123
9366,36
9367,20
9368,251
9369,183
9370,253
9371,40
9372,81
9373,4
9374,159
9375,33
9376,91
9377,136
9378,171
9379,131
9380,224
9381,0
9382,81
9383,86
9384,88
9385,42
9386,108
9387,78
9388,200
9389,280
9390,105
9391,163
9392,85
9393,7
9394,80
9395,237
9396,0
9397,5
9398,6
9399,244
9400,10
9401,146
9402,87
9403,75
9404,273
9405,111
9406,121
9407,16
9408,212
9409,48
9410,9
9411,13
9412,158
9413,11
9414,180
9415,37
9416,41
9417,52
9418,39
9419,63
9420,102
9421,7
9422,194
9423,2
9424,30
9425,59
9426,180
9427,30
9428,42
9429,25
9430,151
9431,142
9432,22
9433,59
9434,124
9435,0
9436,13
9437,51
9438,15
9439,69
9440,6
9441,0
9442,169
9443,55
9444,249
9445,177
9446,260
9447,1
9448,42
9449,69
9450,75
9451,177
9452,167
9453,5
9454,50
9455,32
9456,50
9457,45
9458,41
9459,138
9460,29
9461,44
9462,279
9463,12
9464,254
9465,192
9466,62
9467,260
9468,25
9469,18
9470,181
9471,25
9472,77
9473,111
9474,85
9475,152
9476,15
9477,203
9478,9
9479,72
9480,275
9481,67
9482,70
9483,96
9484,110
9485,70
9486,126
9487,276
9488,4
9489,7
9490,92
9491,10
9492,105
9493,2
9494,168
9495,1
9496,64
9497,257
9498,131
9499,118
9500,156
9501,12
9502,121
9503,182
9504,18
9505,278
9506,270
9507,19
9508,7
9509,17
9510,267
9511,135
9512,273
9513,6
9514,165
9515,49
9516,191
9517,201
9518,277
9519,53
9520,28
9521,12
9522,0
9523,139
9524,28
9525,10
9526,217
9527,217
9528,8
9529,13
9530,24
9531,158
9532,253
9533,210
9534,28
9535,8
9536,276
9537,168
9538,151
9539,158
9540,28
9541,179
9542,222
9543,220
9544,19
9545,106
9546,79
9547,51
9548,64
9549,112
9550,215
9551,17
9552,112
9553,255
9554,32
9555,180
9556,20
9557,26
9558,57
9559,31
9560,24
9561,138
9562,233
9563,266
9564,24
9565,172
9566,231
9567,48
9568,169
9569,15
9570,52
9571,189
9572,255
9573,9
9574,19
9575,50
9576,127
9577,58
9578,221
9579,269
9580,37
9581,161
9582,2
9583,150
9584,39
9585,53
9586,262
9587,65
9588,283
9589,137
9590,89
9591,72
9592,122
9593,83
9594,153
9595,133
9596,24
9597,186
9598,10
9599,99
9600,2
9601,93
9602,64
9603,21
9604,3
9605,111
9606,219
9607,217
9608,132
9609,248
9610,183
9611,184
9612,16
9613,15
9614,81
9615,152
9616,0
9617,39
9618,20
9619,136
9620,7
9621,82
9622,24
9623,240
9624,239
9625,33
9626,140
9627,229
9628,285
9629,96
9630,60
9631,18
9632,105
9633,18
9634,171
9635,159
9636,37
9637,29
9638,2
9639,105
9640,119
9641,83
9642,257
9643,231
9644,178
9645,7
9646,6
9647,153
9648,1
9649,36
9650,134
9651,233
9652,228
9653,161
9654,39
9655,49
9656,100
9657,40
9658,49
9659,43
9660,40
9661,5
9662,22
9663,31
9664,124
9665,147
9666,264
9667,169
9668,3
9669,1
9670,14
9671,36
9672,10
9673,71
9674,14
9675,218
9676,52
9677,14
9678,13
9679,3
9680,48
9681,166
9682,217
9683,50
9684,51
9685,102
9686,237
9687,125
9688,56
9689,131
9690,35
9691,128
9692,63
9693,2
9694,130
9695,81
9696,45
9697,4
9698,28
9699,107
9700,251
9701,38
9702,18
9703,32
9704,78
9705,64
9706,83
9707,52
9708,56
9709,8
9710,173
9711,2
9712,90
9713,24
9714,30
9715,184
9716,251
9717,21
9718,67
9719,47
9720,47
9721,247
9722,9
9723,66
9724,190
9725,88
9726,108
9727,186
9728,268
9729,32
9730,262
9731,105
9732,18
9733,79
9734,85
9735,16
9736,209
9737,279
9738,101
9739,62
9740,13
9741,243
9742,97
9743,111
9744,88
9745,262
9746,217
9747,274
9748,164
9749,56
9750,68
9751,236
9752,249
9753,172
9754,29
9755,90
9756,186
9757,268
9758,276
9759,199
9760,87
9761,134
9762,178
9763,184
9764,91
9765,70
9766,61
9767,8
9768,268
9769,148
9770,91
9771,125
9772,159
9773,107
9774,67
9775,223
9776,74
9777,129
9778,111
9779,130
9780,77
9781,137
9782,123
9783,22
9784,193
9785,29
9786,114
9787,169
9788,69
9789,95
9790,199
9791,164
9792,86
9793,53
9794,235
9795,157
9796,169
9797,20
9798,70
9799,92
9800,240
9801,84
9802,75
9803,78
9804,26
9805,115
9806,212
9807,114
9808,112
9809,4
9810,39
9811,98
9812,142
9813,64
9814,123
9815,53
9816,22
9817,3
9818,71
9819,156
9820,126
9821,218
9822,23
9823,11
9824,18
9825,156
9826,240
9827,182
9828,232
9829,2
9830,184
9831,158
9832,100
9833,72
9834,242
9835,191
9836,44
9837,38
9838,128
9839,221
9840,1
9841,281
9842,173
9843,225
9844,86
9845,209
9846,58
9847,237
9848,177
9849,184
9850,253
9851,6
9852,72
9853,11
9854,192
9855,249
9856,214
9857,209
9858,5
9859,255
9860,266
9861,17
9862,1
9863,59
9864,132
9865,221
9866,276
9867,149
9868,11
9869,102
9870,80
9871,61
9872,83
9873,1
9874,90
9875,2
9876,84
9877,1
9878,279
9879,276
9880,87
9881,29
9882,133
9883,81
9884,237
9885,93
9886,87
9887,30
9888,112
9889,0
9890,121
9891,87
9892,11
9893,49
9894,253
9895,1
9896,14
9897,41
9898,256
9899,15
9900,185
9901,186
9902,231
9903,121
9904,199
9905,42
9906,42
9907,25
9908,2
9909,211
9910,16
9911,132
9912,57
9913,52
9914,38
9915,103
9916,0
9917,23
9918,5
9919,11
9920,241
9921,75
9922,39
9923,43
9924,32
9925,170
9926,42
9927,91
9928,85
9929,39
9930,50
9931,172
9932,10
9933,191
9934,38
9935,15
9936,10
9937,57
9938,136
9939,50
9940,212
9941,172
9942,251
9943,270
9944,36
9945,0
9946,9
9947,70
9948,61
9949,133
9950,152
9951,27
9952,52
9953,17
9954,56
9955,8
9956,257
9957,0
9958,61
9959,80
9960,38
9961,9
9962,51
9963,70
9964,31
9965,5
9966,214
9967,54
9968,40
9969,155
9970,84
9971,70
9972,251
9973,195
9974,58
9975,207
9976,140
9977,69
9978,49
9979,58
9980,3
9981,19
9982,108
9983,27
9984,4
9985,90
9986,0
9987,55
9988,88
9989,216
9990,273
9991,45
9992,8
9993,133
9994,183
9995,196
9996,17
9997,17
9998,59
9999,66
